	1.46946	1.39769	1.39051	1.39317	1.39571
	1.22498	1.15322	1.14604	1.1487	1.15124
	1.0544	0.982667	0.975488	0.978144	0.980688
	0.957672	0.885964	0.878785	0.881441	0.883985
	0.895745	0.824056	0.816878	0.819534	0.822078
	0.852528	0.780846	0.773669	0.776325	0.778869
	0.822521	0.750825	0.743648	0.746304	0.748848
	0.801226	0.729475	0.722298	0.724954	0.727498
	0.784888	0.713018	0.705841	0.708497	0.711041
	0.77118	0.699099	0.69192	0.694576	0.69712
	0.758907	0.686496	0.679314	0.681971	0.684515
	0.747507	0.674621	0.667437	0.670093	0.672637
	0.736715	0.663197	0.656007	0.658663	0.661207
	0.726403	0.652087	0.644889	0.647545	0.650089
	0.716498	0.641222	0.634014	0.63667	0.639213
	0.706946	0.630565	0.623342	0.625998	0.628542
	0.697702	0.620093	0.612851	0.615506	0.61805
	0.68872	0.609791	0.602522	0.605177	0.607721
	0.679956	0.599648	0.592345	0.595	0.597543
	0.671367	0.589658	0.582311	0.584965	0.587508
	0.662915	0.579817	0.572413	0.575066	0.577609
	0.654565	0.570123	0.562645	0.565297	0.567841
	0.646287	0.560572	0.553004	0.555654	0.558198
	0.638057	0.551165	0.543486	0.546134	0.548677
	0.629854	0.541901	0.534086	0.536732	0.539275
	0.621662	0.532779	0.524802	0.527445	0.529988
	0.613464	0.523799	0.515631	0.51827	0.520813
	0.605259	0.514959	0.50657	0.509203	0.511746
	0.597041	0.506257	0.497615	0.500242	0.502785
	0.588806	0.497692	0.488764	0.491384	0.493927
	0.580555	0.48926	0.480013	0.482624	0.485167
	0.572286	0.480958	0.471361	0.473961	0.476503
	0.564002	0.472782	0.462805	0.46539	0.467932
	0.555703	0.464727	0.454341	0.456909	0.459451
	0.547393	0.456787	0.445968	0.448515	0.451057
	0.539071	0.448956	0.437683	0.440205	0.442746
	0.530742	0.441229	0.429484	0.431976	0.434516
	0.522405	0.433599	0.421369	0.423825	0.426365
	0.514062	0.426059	0.413336	0.41575	0.418289
	0.505715	0.418602	0.405383	0.407748	0.410286
	0.497365	0.411222	0.397508	0.399816	0.402353
	0.489012	0.403911	0.389709	0.391953	0.394488
	0.480658	0.396663	0.381985	0.384155	0.386688
	0.472302	0.389472	0.374335	0.376421	0.378952
	0.463946	0.382331	0.366756	0.368749	0.371276
	0.455588	0.375234	0.359246	0.361136	0.36366
	0.447231	0.368175	0.351805	0.35358	0.3561
	0.438873	0.36115	0.34443	0.346081	0.348595
	0.430515	0.354154	0.33712	0.338635	0.341143
	0.422157	0.347182	0.329872	0.331242	0.333743
	0.413799	0.340231	0.322685	0.323899	0.326391
	0.405441	0.333298	0.315556	0.316605	0.319087
	0.397083	0.326378	0.308484	0.309359	0.31183
	0.388725	0.31947	0.301466	0.30216	0.304616
	0.380367	0.312571	0.294501	0.295006	0.297446
	0.372009	0.30568	0.287585	0.287895	0.290318
	0.363651	0.298795	0.280717	0.280828	0.283229
	0.355292	0.291915	0.273894	0.273801	0.276179
	0.346934	0.285037	0.267114	0.266816	0.269167
	0.338575	0.278163	0.260373	0.25987	0.262191
	0.330217	0.271291	0.253671	0.252962	0.25525
	0.321858	0.26442	0.247003	0.246091	0.248343
	0.313499	0.25755	0.240368	0.239258	0.241468
	0.30514	0.250681	0.233763	0.232459	0.234625
	0.296781	0.243812	0.227187	0.225695	0.227813
	0.288422	0.236943	0.220635	0.218965	0.221031
	0.280063	0.230075	0.214107	0.212268	0.214278
	0.271704	0.223207	0.2076	0.205602	0.207552
	0.263345	0.216339	0.201112	0.198968	0.200853
	0.254986	0.209471	0.194641	0.192363	0.194181
	0.246627	0.202603	0.188185	0.185786	0.187534
	0.238268	0.195736	0.181742	0.179238	0.180912
	0.229909	0.188868	0.175312	0.172717	0.174313
	0.22155	0.182	0.168891	0.166221	0.167738
	0.213192	0.175132	0.16248	0.159751	0.161185
	0.204833	0.168264	0.156077	0.153304	0.154654
	0.196474	0.161396	0.149681	0.14688	0.148144
	0.188115	0.154528	0.14329	0.140477	0.141655
	0.179756	0.14766	0.136904	0.134096	0.135186
	0.171396	0.140792	0.130522	0.127733	0.128736
	0.163036	0.133924	0.124144	0.121389	0.122305
	0.154677	0.127056	0.117768	0.115063	0.115893
	0.146317	0.120188	0.111395	0.108753	0.109499
	0.137957	0.113321	0.105024	0.102458	0.103122
	0.129597	0.106453	0.0986549	0.096177	0.0967613
	0.121237	0.0995847	0.0922867	0.0899095	0.0904173
	0.112878	0.0927168	0.0859196	0.0836544	0.0840892
	0.104518	0.0858489	0.0795532	0.0774106	0.0777764
	0.0961576	0.078981	0.0731876	0.0711771	0.0714785
	0.0877974	0.0721132	0.0668224	0.0649533	0.065195
	0.0794372	0.0652454	0.0604577	0.0587381	0.0589254
	0.0710769	0.0583776	0.0540933	0.0525309	0.0526693
	0.0627165	0.0515098	0.047729	0.0463308	0.0464261
	0.054356	0.044642	0.041365	0.0401372	0.0401955
	0.0459951	0.0377742	0.0350011	0.0339494	0.033977
	0.0376339	0.0309063	0.0286372	0.0277669	0.0277702
	0.029272	0.0240383	0.0222733	0.021589	0.0215749
	0.0209092	0.0171702	0.0159094	0.0154154	0.0153907
	0.0125449	0.0103018	0.00954546	0.00924552	0.00921765
	0.00417981	0.00343364	0.00318168	0.00307924	0.0030576
	1.2445	1.1727	1.16552	1.16818	1.17072
	1.13499	1.0632	1.05602	1.05868	1.06122
	1.03147	0.959711	0.952532	0.955188	0.957732
	0.959016	0.887287	0.880108	0.882764	0.885308
	0.907479	0.835787	0.828609	0.831266	0.83381
	0.868007	0.796351	0.789174	0.79183	0.794374
	0.837486	0.765852	0.758676	0.761332	0.763876
	0.813837	0.742193	0.735017	0.737673	0.740217
	0.794866	0.723157	0.715981	0.718637	0.721181
	0.778855	0.707	0.699824	0.70248	0.705024
	0.76475	0.69264	0.685462	0.688119	0.690663
	0.751955	0.679452	0.672271	0.674928	0.677472
	0.740116	0.667063	0.659878	0.662535	0.665079
	0.729014	0.655243	0.648052	0.650709	0.653253
	0.718504	0.643847	0.636648	0.639304	0.641848
	0.708483	0.632784	0.625573	0.628229	0.630773
	0.698871	0.621995	0.614767	0.617422	0.619966
	0.6896	0.611438	0.604188	0.606844	0.609387
	0.68061	0.601089	0.593809	0.596464	0.599008
	0.671845	0.590929	0.583609	0.586264	0.588807
	0.663258	0.580944	0.573574	0.576227	0.578771
	0.654805	0.571127	0.563691	0.566344	0.568887
	0.64645	0.561471	0.553953	0.556604	0.559147
	0.638162	0.551972	0.544351	0.547	0.549543
	0.629915	0.542626	0.534879	0.537526	0.54007
	0.621691	0.533431	0.525533	0.528177	0.530721
	0.613478	0.524384	0.516308	0.518948	0.521491
	0.605262	0.515484	0.507198	0.509834	0.512377
	0.597037	0.506728	0.4982	0.50083	0.503373
	0.588799	0.498113	0.48931	0.491934	0.494477
	0.580546	0.489635	0.480525	0.48314	0.485683
	0.572277	0.48129	0.471842	0.474446	0.476989
	0.563993	0.473075	0.463256	0.465847	0.46839
	0.555696	0.464984	0.454766	0.457341	0.459883
	0.547386	0.457011	0.446368	0.448924	0.451465
	0.539066	0.449151	0.43806	0.440592	0.443133
	0.530737	0.441397	0.42984	0.432343	0.434884
	0.522401	0.433743	0.421704	0.424174	0.426714
	0.514059	0.426182	0.413652	0.416082	0.418621
	0.505713	0.418706	0.40568	0.408064	0.410602
	0.497363	0.411309	0.397787	0.400117	0.402654
	0.489011	0.403984	0.389972	0.39224	0.394775
	0.480657	0.396723	0.382232	0.384429	0.386963
	0.472302	0.389521	0.374566	0.376683	0.379214
	0.463945	0.38237	0.366972	0.368999	0.371527
	0.455588	0.375265	0.359448	0.361375	0.3639
	0.447231	0.3682	0.351993	0.353809	0.35633
	0.438873	0.36117	0.344605	0.346299	0.348815
	0.430515	0.354169	0.337282	0.338844	0.341354
	0.422157	0.347194	0.330022	0.331441	0.333945
	0.413799	0.34024	0.322823	0.32409	0.326585
	0.405441	0.333304	0.315683	0.316788	0.319273
	0.397083	0.326383	0.3086	0.309534	0.312008
	0.388725	0.319473	0.301572	0.302327	0.304788
	0.380367	0.312574	0.294597	0.295165	0.297611
	0.372009	0.305682	0.287673	0.288047	0.290476
	0.363651	0.298796	0.280796	0.280973	0.283381
	0.355292	0.291915	0.273965	0.27394	0.276325
	0.346934	0.285038	0.267177	0.266947	0.269307
	0.338575	0.278163	0.26043	0.259995	0.262326
	0.330217	0.271291	0.25372	0.253081	0.255379
	0.321858	0.26442	0.247047	0.246204	0.248467
	0.313499	0.25755	0.240407	0.239364	0.241588
	0.30514	0.250681	0.233797	0.23256	0.234741
	0.296781	0.243812	0.227216	0.225791	0.227924
	0.288422	0.236943	0.22066	0.219055	0.221138
	0.280063	0.230075	0.214128	0.212353	0.21438
	0.271704	0.223207	0.207618	0.205682	0.20765
	0.263345	0.216339	0.201127	0.199042	0.200948
	0.254986	0.209471	0.194654	0.192432	0.194272
	0.246627	0.202603	0.188196	0.185851	0.187621
	0.238268	0.195736	0.181751	0.179299	0.180995
	0.229909	0.188868	0.175319	0.172773	0.174393
	0.221551	0.182	0.168898	0.166273	0.167815
	0.213192	0.175132	0.162486	0.159799	0.161258
	0.204833	0.168264	0.156081	0.153348	0.154724
	0.196474	0.161396	0.149684	0.14692	0.148211
	0.188115	0.154528	0.143293	0.140514	0.141719
	0.179756	0.14766	0.136906	0.134129	0.135247
	0.171396	0.140792	0.130524	0.127764	0.128795
	0.163036	0.133924	0.124145	0.121417	0.122361
	0.154677	0.127056	0.11777	0.115088	0.115946
	0.146317	0.120189	0.111396	0.108775	0.109549
	0.137957	0.113321	0.105025	0.102478	0.10317
	0.129597	0.106453	0.0986553	0.0961949	0.0968068
	0.121237	0.0995847	0.0922871	0.0899254	0.0904605
	0.112878	0.0927168	0.0859198	0.0836685	0.08413
	0.104518	0.085849	0.0795535	0.077423	0.0778149
	0.0961578	0.0789811	0.0731878	0.071188	0.0715148
	0.0877977	0.0721133	0.0668226	0.0649628	0.0652291
	0.0794376	0.0652455	0.0604578	0.0587464	0.0589574
	0.0710773	0.0583777	0.0540933	0.052538	0.0526992
	0.0627171	0.0515099	0.0477291	0.046337	0.0464541
	0.0543566	0.0446421	0.041365	0.0401425	0.0402217
	0.045996	0.0377743	0.0350011	0.033954	0.0340014
	0.0376351	0.0309065	0.0286373	0.0277708	0.0277928
	0.0292737	0.0240386	0.0222735	0.0215923	0.0215957
	0.0209116	0.0171706	0.0159096	0.015418	0.0154092
	0.0125485	0.0103025	0.00954579	0.00924766	0.00923445
	0.00418219	0.00343406	0.00318187	0.00307972	0.00306322
	1.11544	1.0436	1.03642	1.03907	1.04162
	1.0699	0.998059	0.990878	0.993534	0.996078
	1.01154	0.939711	0.932531	0.935187	0.937731
	0.958642	0.886839	0.87966	0.882316	0.88486
	0.915113	0.843338	0.836158	0.838815	0.841359
	0.878939	0.807191	0.800012	0.802668	0.805213
	0.848849	0.777117	0.769939	0.772595	0.775139
	0.824081	0.752341	0.745164	0.74782	0.750364
	0.803534	0.731742	0.724565	0.727221	0.729765
	0.786016	0.714105	0.706927	0.709584	0.712128
	0.770612	0.698488	0.691309	0.693965	0.696509
	0.756727	0.684268	0.677087	0.679744	0.682288
	0.743986	0.671044	0.663861	0.666517	0.669061
	0.732139	0.658553	0.651364	0.654021	0.656565
	0.721012	0.646616	0.639421	0.642077	0.644621
	0.710482	0.635116	0.62791	0.630566	0.63311
	0.700451	0.623971	0.616751	0.619407	0.621951
	0.690836	0.613125	0.605886	0.608541	0.611085
	0.681567	0.602538	0.595272	0.597927	0.600471
	0.672577	0.592181	0.584879	0.587534	0.590078
	0.663811	0.582032	0.574685	0.577339	0.579882
	0.655218	0.572077	0.56467	0.567323	0.569866
	0.646753	0.562304	0.554821	0.557473	0.560016
	0.638381	0.552704	0.545126	0.547776	0.55032
	0.630072	0.543271	0.535576	0.538224	0.540767
	0.621802	0.534	0.526163	0.528808	0.531351
	0.613554	0.524886	0.516879	0.519522	0.522065
	0.605312	0.515927	0.50772	0.510358	0.512901
	0.59707	0.507117	0.498678	0.501311	0.503855
	0.58882	0.498454	0.489751	0.492377	0.49492
	0.580558	0.489933	0.480932	0.483551	0.486094
	0.572284	0.48155	0.472218	0.474827	0.47737
	0.563996	0.473299	0.463606	0.466202	0.468745
	0.555697	0.465177	0.455091	0.457673	0.460215
	0.547386	0.457176	0.446671	0.449234	0.451776
	0.539065	0.449291	0.438343	0.440884	0.443425
	0.530735	0.441514	0.430103	0.432618	0.435159
	0.522399	0.43384	0.42195	0.424433	0.426973
	0.514058	0.426262	0.413881	0.416326	0.418866
	0.505712	0.418771	0.405894	0.408295	0.410834
	0.497362	0.411361	0.397987	0.400336	0.402874
	0.48901	0.404024	0.390158	0.392447	0.394983
	0.480656	0.396755	0.382405	0.384626	0.38716
	0.472301	0.389545	0.374726	0.37687	0.379402
	0.463945	0.382388	0.36712	0.369176	0.371706
	0.455588	0.375278	0.359585	0.361544	0.36407
	0.44723	0.368209	0.352119	0.35397	0.356492
	0.438873	0.361176	0.34472	0.346452	0.34897
	0.430515	0.354173	0.337387	0.338989	0.341502
	0.422157	0.347196	0.330117	0.33158	0.334086
	0.413799	0.340241	0.322909	0.324222	0.32672
	0.405441	0.333304	0.315761	0.316913	0.319403
	0.397083	0.326382	0.30867	0.309654	0.312132
	0.388725	0.319473	0.301635	0.30244	0.304906
	0.380367	0.312573	0.294653	0.295273	0.297724
	0.372009	0.305681	0.287722	0.28815	0.290584
	0.36365	0.298795	0.280839	0.28107	0.283485
	0.355292	0.291914	0.274003	0.274032	0.276425
	0.346934	0.285037	0.26721	0.267035	0.269403
	0.338575	0.278163	0.260458	0.260077	0.262417
	0.330216	0.27129	0.253744	0.253158	0.255467
	0.321858	0.264419	0.247067	0.246277	0.248552
	0.313499	0.257549	0.240424	0.239433	0.241669
	0.30514	0.25068	0.233811	0.232625	0.234818
	0.296781	0.243812	0.227227	0.225851	0.227999
	0.288422	0.236943	0.22067	0.219112	0.221209
	0.280063	0.230075	0.214136	0.212405	0.214448
	0.271704	0.223207	0.207624	0.205731	0.207716
	0.263345	0.216339	0.201132	0.199087	0.201011
	0.254986	0.209471	0.194657	0.192474	0.194332
	0.246627	0.202604	0.188198	0.18589	0.187679
	0.238268	0.195736	0.181753	0.179334	0.18105
	0.22991	0.188868	0.17532	0.172805	0.174446
	0.221551	0.182	0.168898	0.166303	0.167865
	0.213192	0.175132	0.162486	0.159825	0.161306
	0.204833	0.168264	0.156081	0.153372	0.15477
	0.196474	0.161396	0.149684	0.146942	0.148255
	0.188115	0.154528	0.143292	0.140534	0.141761
	0.179756	0.14766	0.136906	0.134146	0.135287
	0.171396	0.140792	0.130524	0.127779	0.128832
	0.163036	0.133925	0.124145	0.12143	0.122397
	0.154676	0.127057	0.117769	0.115099	0.11598
	0.146317	0.120189	0.111396	0.108785	0.109581
	0.137957	0.113321	0.105025	0.102487	0.1032
	0.129597	0.106453	0.0986551	0.0962025	0.096835
	0.121237	0.0995849	0.0922868	0.0899319	0.0904869
	0.112878	0.092717	0.0859196	0.0836739	0.0841548
	0.104518	0.0858491	0.0795533	0.0774276	0.0778381
	0.0961579	0.0789812	0.0731876	0.0711919	0.0715364
	0.0877979	0.0721134	0.0668225	0.0649659	0.0652492
	0.0794378	0.0652455	0.0604577	0.0587489	0.058976
	0.0710776	0.0583777	0.0540933	0.0525401	0.0527164
	0.0627174	0.05151	0.0477291	0.0463385	0.0464699
	0.054357	0.0446422	0.041365	0.0401437	0.040236
	0.0459965	0.0377744	0.0350011	0.0339548	0.0340143
	0.0376358	0.0309066	0.0286373	0.0277713	0.0278043
	0.0292746	0.0240388	0.0222735	0.0215926	0.0216057
	0.0209131	0.017171	0.0159098	0.015418	0.0154168
	0.0125501	0.0103029	0.009546	0.00924759	0.00924097
	0.00418324	0.0034343	0.00318199	0.00307897	0.003063
	1.0471	0.975203	0.968022	0.970678	0.973222
	1.02576	0.953864	0.946682	0.949338	0.951882
	0.991129	0.919233	0.912051	0.914708	0.917252
	0.952567	0.880673	0.873492	0.876148	0.878692
	0.916747	0.844854	0.837673	0.840329	0.842873
	0.885088	0.813191	0.80601	0.808666	0.81121
	0.857353	0.785439	0.778258	0.780914	0.783459
	0.833257	0.761301	0.75412	0.756776	0.75932
	0.812353	0.740314	0.733132	0.735789	0.738333
	0.794012	0.721833	0.714651	0.717307	0.719851
	0.777639	0.705241	0.698057	0.700714	0.703258
	0.762789	0.690068	0.682881	0.685538	0.688082
	0.74915	0.675978	0.668788	0.671444	0.673988
	0.736498	0.662731	0.655536	0.658192	0.660736
	0.724663	0.650152	0.64295	0.645606	0.64815
	0.713515	0.638112	0.6309	0.633555	0.636099
	0.70295	0.626515	0.619289	0.621945	0.624489
	0.692876	0.615293	0.608048	0.610703	0.613247
	0.683215	0.604392	0.597121	0.599776	0.60232
	0.673895	0.593773	0.586469	0.589123	0.591667
	0.664853	0.583405	0.576057	0.578711	0.581254
	0.656031	0.573266	0.565861	0.568514	0.571057
	0.647381	0.563338	0.55586	0.558512	0.561056
	0.63886	0.553607	0.546038	0.548689	0.551232
	0.630432	0.544062	0.536381	0.53903	0.541573
	0.62207	0.534695	0.526877	0.529523	0.532067
	0.613749	0.525498	0.517517	0.52016	0.522703
	0.605453	0.516465	0.508292	0.510931	0.513474
	0.597169	0.507591	0.499194	0.501828	0.504371
	0.588888	0.498871	0.490218	0.492846	0.495389
	0.580604	0.4903	0.481357	0.483977	0.48652
	0.572314	0.481871	0.472606	0.475217	0.47776
	0.564015	0.47358	0.463961	0.466561	0.469103
	0.555708	0.465421	0.455418	0.458003	0.460545
	0.547391	0.457387	0.446972	0.44954	0.452082
	0.539067	0.449472	0.43862	0.441167	0.443709
	0.530736	0.441669	0.43036	0.432881	0.435422
	0.522398	0.433972	0.422188	0.424679	0.427219
	0.514056	0.426372	0.414101	0.416556	0.419096
	0.50571	0.418863	0.406098	0.40851	0.411049
	0.49736	0.411437	0.398176	0.400538	0.403076
	0.489008	0.404087	0.390333	0.392637	0.395174
	0.480655	0.396805	0.382567	0.384805	0.38734
	0.472299	0.389585	0.374876	0.377038	0.379571
	0.463943	0.38242	0.367259	0.369335	0.371866
	0.455587	0.375303	0.359712	0.361694	0.364221
	0.447229	0.368228	0.352236	0.354112	0.356636
	0.438872	0.36119	0.344827	0.346587	0.349106
	0.430514	0.354184	0.337485	0.339117	0.341631
	0.422156	0.347204	0.330207	0.331701	0.334209
	0.413799	0.340246	0.32299	0.324336	0.326837
	0.405441	0.333308	0.315834	0.317022	0.319514
	0.397083	0.326385	0.308736	0.309756	0.312237
	0.388725	0.319474	0.301694	0.302538	0.305007
	0.380367	0.312574	0.294706	0.295365	0.29782
	0.372009	0.305682	0.287768	0.288237	0.290676
	0.36365	0.298796	0.28088	0.281152	0.283572
	0.355292	0.291914	0.274038	0.27411	0.276509
	0.346933	0.285037	0.267241	0.267108	0.269483
	0.338575	0.278163	0.260485	0.260146	0.262494
	0.330216	0.27129	0.253767	0.253224	0.25554
	0.321857	0.264419	0.247087	0.246339	0.248621
	0.313499	0.257549	0.24044	0.239491	0.241736
	0.30514	0.25068	0.233825	0.232679	0.234882
	0.296781	0.243812	0.227238	0.225902	0.22806
	0.288422	0.236943	0.220679	0.219159	0.221268
	0.280063	0.230075	0.214143	0.212449	0.214504
	0.271704	0.223207	0.20763	0.205771	0.20777
	0.263345	0.216339	0.201136	0.199124	0.201062
	0.254986	0.209471	0.19466	0.192508	0.194381
	0.246628	0.202604	0.188201	0.185921	0.187725
	0.238269	0.195736	0.181755	0.179363	0.181095
	0.22991	0.188868	0.175322	0.172831	0.174488
	0.221551	0.182	0.168899	0.166327	0.167905
	0.213192	0.175132	0.162486	0.159847	0.161345
	0.204833	0.168264	0.156082	0.153392	0.154807
	0.196474	0.161396	0.149684	0.146959	0.14829
	0.188115	0.154529	0.143292	0.140549	0.141794
	0.179755	0.147661	0.136906	0.13416	0.135318
	0.171396	0.140793	0.130523	0.127791	0.128862
	0.163036	0.133925	0.124145	0.121441	0.122425
	0.154676	0.127057	0.117769	0.115109	0.116007
	0.146316	0.120189	0.111396	0.108793	0.109606
	0.137957	0.113321	0.105024	0.102494	0.103223
	0.129597	0.106453	0.0986549	0.0962085	0.0968574
	0.121237	0.099585	0.0922866	0.089937	0.0905079
	0.112877	0.0927171	0.0859195	0.0836782	0.0841744
	0.104518	0.0858493	0.0795531	0.0774311	0.0778564
	0.0961578	0.0789814	0.0731875	0.0711947	0.0715534
	0.0877979	0.0721135	0.0668224	0.0649683	0.0652649
	0.0794379	0.0652457	0.0604577	0.0587508	0.0589905
	0.0710777	0.0583779	0.0540932	0.0525414	0.0527296
	0.0627175	0.0515101	0.0477291	0.0463395	0.0464818
	0.0543572	0.0446423	0.041365	0.0401443	0.0402467
	0.0459966	0.0377745	0.0350011	0.0339551	0.0340237
	0.0376359	0.0309068	0.0286373	0.0277713	0.0278121
	0.0292746	0.0240389	0.0222736	0.0215924	0.0216121
	0.0209136	0.0171713	0.0159099	0.0154175	0.015421
	0.0125505	0.0103033	0.00954618	0.00924713	0.00924424
	0.0041836	0.00343447	0.00318208	0.00307831	0.00306351
	1.00442	0.932464	0.925282	0.927938	0.930482
	0.992589	0.920632	0.91345	0.916106	0.91865
	0.970586	0.898622	0.89144	0.894096	0.89664
	0.942674	0.870698	0.863515	0.866171	0.868715
	0.914186	0.842187	0.835005	0.837661	0.840205
	0.887455	0.815423	0.80824	0.810896	0.81344
	0.862878	0.790796	0.783612	0.786269	0.788813
	0.840458	0.768296	0.761111	0.763768	0.766312
	0.820123	0.747839	0.740653	0.743309	0.745853
	0.80167	0.72921	0.722022	0.724679	0.727223
	0.784825	0.71212	0.704929	0.707585	0.710129
	0.769332	0.696292	0.689097	0.691753	0.694297
	0.754989	0.681503	0.674303	0.676959	0.679503
	0.74163	0.667575	0.66037	0.663025	0.665569
	0.729119	0.654367	0.647152	0.649808	0.652352
	0.717341	0.641764	0.634537	0.637192	0.639736
	0.7062	0.629673	0.62243	0.625085	0.627629
	0.695609	0.618021	0.610758	0.613413	0.615956
	0.685487	0.606752	0.599461	0.602116	0.60466
	0.675762	0.595819	0.588493	0.591147	0.59369
	0.66637	0.585184	0.577812	0.580465	0.583009
	0.657249	0.574818	0.567388	0.57004	0.572584
	0.648346	0.564697	0.557194	0.559845	0.562388
	0.639616	0.554801	0.547208	0.549857	0.552401
	0.631016	0.545116	0.537411	0.540059	0.542602
	0.622514	0.535627	0.527789	0.530434	0.532977
	0.614083	0.526326	0.518328	0.52097	0.523513
	0.6057	0.517203	0.509016	0.511654	0.514197
	0.597349	0.508249	0.499844	0.502477	0.50502
	0.589016	0.499458	0.490804	0.493431	0.495974
	0.580694	0.490824	0.481888	0.484507	0.48705
	0.572375	0.482338	0.473089	0.475699	0.478242
	0.564056	0.473996	0.464402	0.467001	0.469543
	0.555733	0.46579	0.455822	0.458406	0.460948
	0.547407	0.457714	0.447343	0.44991	0.452452
	0.539075	0.449761	0.438963	0.441509	0.44405
	0.530739	0.441923	0.430676	0.433197	0.435739
	0.522399	0.434193	0.422481	0.424972	0.427512
	0.514055	0.426565	0.414373	0.416829	0.419369
	0.505708	0.419029	0.406351	0.408764	0.411303
	0.497358	0.41158	0.398411	0.400776	0.403314
	0.489006	0.404209	0.390552	0.39286	0.395396
	0.480652	0.396909	0.382771	0.385013	0.387548
	0.472297	0.389672	0.375066	0.377234	0.379767
	0.463942	0.382493	0.367436	0.36952	0.37205
	0.455585	0.375364	0.359877	0.361868	0.364395
	0.447228	0.368278	0.352389	0.354275	0.3568
	0.438871	0.361231	0.34497	0.346741	0.349261
	0.430513	0.354217	0.337617	0.339263	0.341778
	0.422156	0.347231	0.330328	0.331839	0.334347
	0.413798	0.340268	0.323103	0.324467	0.326968
	0.40544	0.333325	0.315938	0.317146	0.319639
	0.397083	0.326399	0.308831	0.309874	0.312356
	0.388725	0.319485	0.301781	0.302649	0.30512
	0.380366	0.312582	0.294785	0.295471	0.297928
	0.372008	0.305688	0.287841	0.288338	0.290778
	0.36365	0.2988	0.280946	0.281248	0.28367
	0.355291	0.291918	0.274097	0.2742	0.276601
	0.346933	0.28504	0.267294	0.267194	0.269571
	0.338574	0.278165	0.260532	0.260228	0.262578
	0.330216	0.271292	0.25381	0.253301	0.255621
	0.321857	0.26442	0.247124	0.246412	0.248699
	0.313498	0.25755	0.240473	0.23956	0.24181
	0.30514	0.250681	0.233854	0.232744	0.234953
	0.296781	0.243812	0.227264	0.225963	0.228127
	0.288422	0.236944	0.220701	0.219216	0.221332
	0.280063	0.230075	0.214163	0.212503	0.214566
	0.271705	0.223207	0.207646	0.205822	0.207829
	0.263346	0.216339	0.20115	0.199172	0.201119
	0.254987	0.209472	0.194673	0.192553	0.194435
	0.246628	0.202604	0.188211	0.185963	0.187777
	0.238269	0.195736	0.181764	0.179402	0.181144
	0.22991	0.188868	0.175329	0.172868	0.174536
	0.221552	0.182	0.168905	0.16636	0.167951
	0.213193	0.175132	0.162491	0.159878	0.161389
	0.204834	0.168264	0.156086	0.15342	0.154848
	0.196474	0.161397	0.149687	0.146986	0.14833
	0.188115	0.154529	0.143295	0.140573	0.141832
	0.179755	0.147661	0.136908	0.134182	0.135355
	0.171396	0.140793	0.130525	0.127811	0.128897
	0.163036	0.133925	0.124146	0.121459	0.122458
	0.154676	0.127057	0.11777	0.115125	0.116038
	0.146316	0.120189	0.111397	0.108808	0.109636
	0.137956	0.113321	0.105025	0.102507	0.103252
	0.129597	0.106453	0.0986555	0.0962204	0.096884
	0.121237	0.0995853	0.0922872	0.0899477	0.0905331
	0.112877	0.0927174	0.0859199	0.0836877	0.0841982
	0.104517	0.0858495	0.0795535	0.0774394	0.0778788
	0.0961577	0.0789816	0.0731878	0.0712021	0.0715744
	0.0877978	0.0721137	0.0668226	0.0649746	0.0652846
	0.0794378	0.0652459	0.0604578	0.0587563	0.0590088
	0.0710776	0.058378	0.0540934	0.0525462	0.0527466
	0.0627174	0.0515102	0.0477292	0.0463436	0.0464973
	0.054357	0.0446424	0.0413651	0.0401477	0.0402607
	0.0459963	0.0377746	0.0350012	0.0339579	0.0340362
	0.0376356	0.0309069	0.0286375	0.0277734	0.0278229
	0.0292741	0.0240391	0.0222737	0.0215939	0.0216212
	0.0209134	0.0171716	0.0159101	0.0154185	0.0154282
	0.0125504	0.0103036	0.00954639	0.00924764	0.00924938
	0.00418369	0.00343461	0.00318217	0.00307859	0.00306817
	0.975554	0.903551	0.896367	0.899024	0.901568
	0.967967	0.895959	0.888775	0.891431	0.893975
	0.953067	0.881046	0.873862	0.876518	0.879062
	0.932597	0.860552	0.853368	0.856025	0.858569
	0.91001	0.83793	0.830745	0.833401	0.835945
	0.887492	0.81536	0.808174	0.810831	0.813375
	0.865802	0.793598	0.786411	0.789067	0.791611
	0.845193	0.772883	0.765695	0.768351	0.770895
	0.825812	0.753352	0.746162	0.748818	0.751362
	0.807705	0.735043	0.72785	0.730506	0.73305
	0.790818	0.71789	0.710693	0.713349	0.715893
	0.775052	0.701776	0.694574	0.69723	0.699774
	0.760302	0.686581	0.679372	0.682028	0.684572
	0.746465	0.672192	0.664975	0.667631	0.670175
	0.733448	0.658513	0.651284	0.653939	0.656483
	0.721164	0.645454	0.63821	0.640866	0.643409
	0.709533	0.632939	0.625677	0.628332	0.630876
	0.698478	0.620903	0.613617	0.616271	0.618815
	0.687928	0.609291	0.601974	0.604628	0.607171
	0.677815	0.598055	0.590699	0.593352	0.595896
	0.668074	0.587155	0.57975	0.582402	0.584946
	0.658646	0.576559	0.569093	0.571744	0.574288
	0.649478	0.566239	0.558697	0.561347	0.56389
	0.64052	0.556171	0.548536	0.551184	0.553728
	0.63173	0.546337	0.538589	0.541235	0.543779
	0.62307	0.53672	0.528837	0.531481	0.534024
	0.614509	0.527307	0.519264	0.521904	0.524447
	0.606023	0.518085	0.509856	0.512492	0.515035
	0.597589	0.509044	0.500601	0.503231	0.505774
	0.589193	0.500176	0.491488	0.494112	0.496655
	0.580821	0.491472	0.482509	0.485125	0.487668
	0.572465	0.482924	0.473655	0.476261	0.478804
	0.564117	0.474525	0.46492	0.467514	0.470057
	0.555775	0.466267	0.456297	0.458877	0.461419
	0.547433	0.458143	0.447782	0.450343	0.452885
	0.539092	0.450145	0.439368	0.441908	0.44445
	0.530748	0.442266	0.431052	0.433567	0.436108
	0.522403	0.434499	0.42283	0.425314	0.427855
	0.514056	0.426836	0.414699	0.417147	0.419687
	0.505707	0.419269	0.406655	0.409061	0.4116
	0.497356	0.41179	0.398696	0.401053	0.40359
	0.489004	0.404392	0.390818	0.393119	0.395655
	0.48065	0.397068	0.383021	0.385256	0.387791
	0.472295	0.38981	0.3753	0.377463	0.379995
	0.463939	0.382611	0.367655	0.369735	0.372265
	0.455583	0.375464	0.360083	0.36207	0.364597
	0.447226	0.368363	0.352583	0.354466	0.35699
	0.438869	0.361303	0.345151	0.346922	0.349441
	0.430512	0.354277	0.337787	0.339434	0.341948
	0.422155	0.347281	0.330488	0.332001	0.334508
	0.413797	0.340309	0.323252	0.32462	0.327121
	0.40544	0.333359	0.316077	0.317292	0.319783
	0.397082	0.326426	0.308961	0.310012	0.312493
	0.388724	0.319507	0.301902	0.302781	0.30525
	0.380366	0.3126	0.294897	0.295596	0.298052
	0.372008	0.305702	0.287944	0.288457	0.290896
	0.36365	0.298811	0.281041	0.281361	0.283782
	0.355291	0.291927	0.274185	0.274308	0.276709
	0.346933	0.285046	0.267374	0.267297	0.269674
	0.338574	0.27817	0.260605	0.260326	0.262676
	0.330215	0.271295	0.253877	0.253394	0.255714
	0.321857	0.264423	0.247185	0.246501	0.248788
	0.313498	0.257552	0.240528	0.239645	0.241895
	0.30514	0.250682	0.233903	0.232825	0.235034
	0.296781	0.243813	0.227308	0.22604	0.228205
	0.288422	0.236944	0.22074	0.21929	0.221407
	0.280064	0.230076	0.214198	0.212573	0.214638
	0.271705	0.223208	0.207677	0.205888	0.207897
	0.263346	0.21634	0.201178	0.199235	0.201184
	0.254987	0.209472	0.194697	0.192612	0.194498
	0.246629	0.202604	0.188232	0.186019	0.187838
	0.23827	0.195736	0.181782	0.179455	0.181202
	0.229911	0.188868	0.175345	0.172918	0.174591
	0.221552	0.182	0.168919	0.166407	0.168004
	0.213193	0.175132	0.162503	0.159922	0.16144
	0.204834	0.168265	0.156096	0.153461	0.154898
	0.196474	0.161397	0.149696	0.147024	0.148377
	0.188115	0.154529	0.143302	0.140609	0.141877
	0.179755	0.147661	0.136914	0.134216	0.135398
	0.171395	0.140793	0.13053	0.127842	0.128938
	0.163036	0.133925	0.12415	0.121488	0.122498
	0.154676	0.127057	0.117774	0.115152	0.116076
	0.146316	0.120189	0.1114	0.108833	0.109672
	0.137956	0.113321	0.105028	0.102529	0.103286
	0.129596	0.106453	0.0986574	0.0962407	0.0969173
	0.121237	0.0995855	0.0922887	0.0899662	0.0905649
	0.112877	0.0927176	0.0859211	0.0837044	0.0842284
	0.104517	0.0858498	0.0795544	0.0774546	0.0779075
	0.0961575	0.0789819	0.0731885	0.0712157	0.0716017
	0.0877976	0.072114	0.0668232	0.0649869	0.0653103
	0.0794376	0.0652461	0.0604583	0.0587672	0.059033
	0.0710774	0.0583782	0.0540938	0.0525558	0.0527693
	0.0627171	0.0515103	0.0477295	0.0463521	0.0465185
	0.0543567	0.0446425	0.0413654	0.0401551	0.0402803
	0.0459959	0.0377747	0.0350014	0.0339642	0.0340538
	0.0376351	0.030907	0.0286376	0.0277788	0.0278389
	0.0292735	0.0240392	0.0222738	0.0215982	0.0216347
	0.0209131	0.0171719	0.0159103	0.0154218	0.0154403
	0.0125502	0.010304	0.00954662	0.00924964	0.00925739
	0.00418369	0.00343481	0.00318229	0.00308017	0.00307731
	0.955798	0.883753	0.876569	0.879225	0.881769
	0.950421	0.878368	0.871184	0.87384	0.876384
	0.939625	0.867556	0.860371	0.863027	0.865571
	0.923998	0.8519	0.844714	0.847371	0.849915
	0.905647	0.833504	0.826319	0.828975	0.831519
	0.886337	0.814133	0.806946	0.809602	0.812146
	0.866961	0.794671	0.787482	0.790139	0.792683
	0.847941	0.775531	0.76834	0.770996	0.77354
	0.82955	0.756974	0.749781	0.752437	0.754981
	0.811965	0.739172	0.731975	0.734631	0.737175
	0.795265	0.722194	0.714993	0.717649	0.720193
	0.779461	0.706037	0.69883	0.701485	0.704029
	0.764525	0.690661	0.683445	0.686101	0.688644
	0.750411	0.676011	0.668785	0.67144	0.673984
	0.737064	0.662029	0.65479	0.657445	0.659989
	0.724423	0.648655	0.641399	0.644054	0.646597
	0.712429	0.635831	0.628553	0.631207	0.633751
	0.701017	0.623502	0.616196	0.61885	0.621394
	0.690126	0.611618	0.604279	0.606932	0.609476
	0.679693	0.600136	0.592754	0.595406	0.59795
	0.669659	0.589016	0.581581	0.584232	0.586776
	0.659967	0.578224	0.570724	0.573374	0.575918
	0.650565	0.567731	0.560151	0.5628	0.565344
	0.641403	0.557512	0.549836	0.552483	0.555026
	0.632438	0.547545	0.539753	0.542397	0.544941
	0.62363	0.537811	0.529882	0.532524	0.535067
	0.614947	0.528294	0.520205	0.522843	0.525386
	0.606359	0.518981	0.510707	0.513339	0.515883
	0.597844	0.50986	0.501372	0.503999	0.506542
	0.589383	0.500919	0.49219	0.49481	0.497353
	0.580961	0.492149	0.48315	0.485761	0.488304
	0.572566	0.483542	0.474242	0.476843	0.479386
	0.564189	0.475088	0.46546	0.468048	0.47059
	0.555824	0.466779	0.456795	0.459368	0.46191
	0.547466	0.458608	0.448242	0.450797	0.453338
	0.539113	0.450567	0.439796	0.442328	0.444869
	0.530762	0.442648	0.43145	0.433956	0.436497
	0.522411	0.434843	0.423202	0.425676	0.428216
	0.51406	0.427144	0.415047	0.417484	0.420024
	0.505708	0.419544	0.406981	0.409376	0.411914
	0.497356	0.412035	0.399002	0.401348	0.403885
	0.489003	0.404609	0.391107	0.393395	0.395931
	0.480648	0.397259	0.383293	0.385516	0.38805
	0.472293	0.389977	0.375557	0.377707	0.380239
	0.463938	0.382756	0.367898	0.369965	0.372494
	0.455581	0.375589	0.360312	0.362287	0.364813
	0.447225	0.368471	0.352799	0.354672	0.357194
	0.438868	0.361395	0.345355	0.347116	0.349634
	0.430511	0.354355	0.33798	0.339618	0.34213
	0.422154	0.347346	0.33067	0.332176	0.334681
	0.413797	0.340364	0.323423	0.324787	0.327285
	0.405439	0.333404	0.316238	0.31745	0.319939
	0.397082	0.326463	0.309112	0.310163	0.312641
	0.388724	0.319537	0.302044	0.302924	0.305391
	0.380366	0.312624	0.29503	0.295733	0.298185
	0.372007	0.305722	0.288068	0.288587	0.291024
	0.363649	0.298827	0.281156	0.281486	0.283904
	0.355291	0.291939	0.274292	0.274428	0.276824
	0.346932	0.285056	0.267473	0.267411	0.269784
	0.338574	0.278177	0.260697	0.260435	0.262781
	0.330215	0.271301	0.253961	0.253499	0.255815
	0.321856	0.264428	0.247262	0.246601	0.248884
	0.313498	0.257556	0.240599	0.239741	0.241987
	0.305139	0.250685	0.233967	0.232917	0.235123
	0.296781	0.243815	0.227366	0.226128	0.22829
	0.288422	0.236946	0.220793	0.219374	0.221488
	0.280064	0.230077	0.214245	0.212653	0.214715
	0.271705	0.223209	0.20772	0.205965	0.207972
	0.263346	0.21634	0.201215	0.199308	0.201256
	0.254988	0.209472	0.19473	0.192682	0.194567
	0.246629	0.202604	0.188261	0.186086	0.187904
	0.23827	0.195736	0.181808	0.179518	0.181266
	0.229911	0.188868	0.175367	0.172978	0.174653
	0.221552	0.182001	0.168938	0.166464	0.168063
	0.213193	0.175133	0.16252	0.159976	0.161496
	0.204834	0.168265	0.15611	0.153512	0.154952
	0.196474	0.161397	0.149708	0.147072	0.148429
	0.188115	0.154529	0.143313	0.140654	0.141928
	0.179755	0.147661	0.136923	0.134258	0.135446
	0.171395	0.140793	0.130538	0.127882	0.128985
	0.163035	0.133925	0.124157	0.121525	0.122543
	0.154675	0.127057	0.117779	0.115186	0.116119
	0.146316	0.12019	0.111404	0.108864	0.109714
	0.137956	0.113322	0.105031	0.102559	0.103326
	0.129596	0.106454	0.0986604	0.0962679	0.0969555
	0.121236	0.0995858	0.0922911	0.0899912	0.0906015
	0.112877	0.0927179	0.085923	0.0837273	0.0842635
	0.104517	0.08585	0.079556	0.0774755	0.0779411
	0.0961573	0.0789822	0.0731898	0.0712347	0.0716337
	0.0877974	0.0721143	0.0668242	0.065004	0.0653408
	0.0794374	0.0652463	0.0604591	0.0587827	0.0590619
	0.0710772	0.0583784	0.0540944	0.0525697	0.0527966
	0.0627169	0.0515105	0.04773	0.0463644	0.0465441
	0.0543564	0.0446427	0.0413658	0.040166	0.0403042
	0.0459955	0.0377749	0.0350017	0.0339737	0.0340757
	0.0376347	0.0309071	0.0286379	0.027787	0.027859
	0.0292731	0.0240393	0.022274	0.021605	0.0216519
	0.0209129	0.0171721	0.0159105	0.0154275	0.0154564
	0.01255	0.0103044	0.00954687	0.00925319	0.00926758
	0.00418368	0.00343499	0.00318243	0.00308318	0.00308972
	0.942597	0.870518	0.863333	0.86599	0.868534
	0.938444	0.866357	0.859172	0.861828	0.864372
	0.930001	0.857896	0.85071	0.853367	0.855911
	0.917362	0.845224	0.838038	0.840694	0.843238
	0.901846	0.829658	0.822471	0.825127	0.827671
	0.884823	0.812567	0.805379	0.808035	0.810579
	0.867172	0.794823	0.787633	0.790289	0.792833
	0.849401	0.776923	0.76973	0.772387	0.774931
	0.831853	0.7592	0.752005	0.754661	0.757205
	0.814773	0.741896	0.734697	0.737353	0.739897
	0.798321	0.725161	0.717956	0.720612	0.723156
	0.78258	0.709066	0.701855	0.70451	0.707054
	0.767581	0.693632	0.686412	0.689067	0.691611
	0.753319	0.678849	0.671617	0.674272	0.676816
	0.739771	0.664689	0.657442	0.660097	0.662641
	0.726897	0.651116	0.64385	0.646505	0.649048
	0.714655	0.638085	0.630796	0.63345	0.635994
	0.702992	0.625554	0.618235	0.620889	0.623433
	0.691855	0.613479	0.606123	0.608776	0.61132
	0.681187	0.601819	0.594418	0.59707	0.599614
	0.670934	0.590537	0.58308	0.585731	0.588274
	0.661042	0.579599	0.572074	0.574723	0.577267
	0.651459	0.568975	0.561368	0.564015	0.566559
	0.642137	0.558639	0.550933	0.553579	0.556122
	0.633033	0.548568	0.540745	0.543387	0.545931
	0.624106	0.538743	0.53078	0.53342	0.535963
	0.615323	0.529144	0.521021	0.523656	0.5262
	0.606652	0.519759	0.511449	0.514079	0.516623
	0.598069	0.510572	0.50205	0.504674	0.507217
	0.589553	0.501572	0.492811	0.495428	0.497971
	0.581088	0.492749	0.48372	0.486328	0.488871
	0.572659	0.484092	0.474768	0.477365	0.479907
	0.564256	0.475592	0.465946	0.468529	0.471072
	0.555871	0.467242	0.457246	0.459813	0.462355
	0.547499	0.459032	0.448662	0.451209	0.453751
	0.539135	0.450954	0.440187	0.442711	0.445252
	0.530776	0.443	0.431816	0.434313	0.436854
	0.522419	0.435163	0.423545	0.42601	0.42855
	0.514065	0.427433	0.415369	0.417796	0.420335
	0.505711	0.419805	0.407285	0.409669	0.412207
	0.497357	0.412269	0.399288	0.401622	0.404159
	0.489002	0.404817	0.391377	0.393654	0.396189
	0.480647	0.397444	0.383549	0.385759	0.388292
	0.472292	0.39014	0.3758	0.377936	0.380467
	0.463936	0.382899	0.368128	0.370182	0.37271
	0.45558	0.375714	0.36053	0.362492	0.365017
	0.447224	0.368579	0.353006	0.354866	0.357387
	0.438867	0.361488	0.345552	0.3473	0.349816
	0.43051	0.354434	0.338166	0.339793	0.342303
	0.422153	0.347414	0.330846	0.332342	0.334845
	0.413796	0.340421	0.32359	0.324945	0.327441
	0.405439	0.333452	0.316396	0.3176	0.320087
	0.397081	0.326503	0.309261	0.310307	0.312782
	0.388723	0.31957	0.302184	0.303062	0.305525
	0.380365	0.312651	0.295162	0.295864	0.298313
	0.372007	0.305743	0.288192	0.288713	0.291146
	0.363649	0.298845	0.281273	0.281606	0.28402
	0.35529	0.291953	0.274401	0.274543	0.276935
	0.346932	0.285067	0.267575	0.267522	0.26989
	0.338573	0.278186	0.260791	0.260541	0.262883
	0.330215	0.271308	0.254048	0.253601	0.255912
	0.321856	0.264433	0.247342	0.246699	0.248977
	0.313498	0.25756	0.240672	0.239834	0.242076
	0.305139	0.250688	0.234035	0.233007	0.235208
	0.296781	0.243817	0.227428	0.226214	0.228371
	0.288422	0.236947	0.220849	0.219457	0.221566
	0.280064	0.230078	0.214295	0.212733	0.214791
	0.271705	0.22321	0.207765	0.206041	0.208044
	0.263347	0.216341	0.201256	0.199382	0.201325
	0.254988	0.209473	0.194766	0.192752	0.194633
	0.24663	0.202605	0.188294	0.186153	0.187968
	0.238271	0.195737	0.181836	0.179582	0.181327
	0.229912	0.188869	0.175392	0.173039	0.174712
	0.221553	0.182001	0.16896	0.166522	0.16812
	0.213193	0.175133	0.162539	0.160031	0.161551
	0.204834	0.168265	0.156127	0.153565	0.155005
	0.196474	0.161397	0.149722	0.147122	0.14848
	0.188115	0.154529	0.143325	0.140701	0.141977
	0.179755	0.147661	0.136933	0.134302	0.135494
	0.171395	0.140793	0.130546	0.127923	0.129031
	0.163035	0.133926	0.124164	0.121564	0.122587
	0.154675	0.127058	0.117785	0.115222	0.116162
	0.146315	0.12019	0.111409	0.108898	0.109755
	0.137956	0.113322	0.105035	0.10259	0.103366
	0.129596	0.106454	0.0986639	0.0962972	0.0969936
	0.121236	0.0995861	0.0922939	0.0900182	0.0906381
	0.112877	0.0927182	0.0859253	0.0837522	0.0842986
	0.104517	0.0858504	0.0795579	0.0774983	0.0779748
	0.0961571	0.0789825	0.0731913	0.0712555	0.0716659
	0.0877973	0.0721145	0.0668254	0.065023	0.0653717
	0.0794373	0.0652465	0.06046	0.0587999	0.0590913
	0.0710771	0.0583786	0.0540951	0.0525853	0.0528245
	0.0627167	0.0515106	0.0477305	0.0463783	0.0465703
	0.0543562	0.0446428	0.0413662	0.0401784	0.0403289
	0.0459953	0.037775	0.0350021	0.0339846	0.0340983
	0.0376345	0.0309072	0.0286381	0.0277966	0.0278802
	0.0292728	0.0240393	0.0222742	0.0216129	0.0216699
	0.0209127	0.0171721	0.0159107	0.0154343	0.0154738
	0.01255	0.0103044	0.00954703	0.00925776	0.00927818
	0.00418373	0.00343497	0.0031825	0.00308721	0.00310297
	0.934457	0.862356	0.85517	0.857827	0.860371
	0.930962	0.858851	0.851665	0.854322	0.856866
	0.923804	0.851673	0.844487	0.847143	0.849687
	0.912879	0.840713	0.833526	0.836183	0.838727
	0.899092	0.826874	0.819686	0.822343	0.824887
	0.883537	0.811247	0.804057	0.806714	0.809258
	0.86703	0.794642	0.787451	0.790108	0.792652
	0.85011	0.777589	0.770395	0.773052	0.775596
	0.833159	0.760458	0.753261	0.755917	0.758461
	0.81646	0.74353	0.736329	0.738985	0.741529
	0.800215	0.727	0.719793	0.722449	0.724993
	0.784554	0.710986	0.703772	0.706428	0.708972
	0.769545	0.695547	0.688324	0.690979	0.693523
	0.755212	0.680702	0.673467	0.676122	0.678666
	0.74155	0.666446	0.659195	0.66185	0.664394
	0.728538	0.652757	0.645486	0.64814	0.650684
	0.716143	0.639602	0.632307	0.634961	0.637505
	0.704322	0.626947	0.61962	0.622274	0.624817
	0.693027	0.614751	0.607387	0.610039	0.612583
	0.682207	0.602978	0.595566	0.598218	0.600762
	0.67181	0.591592	0.584122	0.586773	0.589316
	0.661785	0.580559	0.573019	0.575668	0.578212
	0.652081	0.569849	0.562225	0.564873	0.567416
	0.642651	0.559436	0.551712	0.554357	0.5569
	0.633452	0.549297	0.541453	0.544095	0.546639
	0.624444	0.539409	0.531426	0.534065	0.536608
	0.615592	0.529756	0.521611	0.524245	0.526788
	0.606863	0.52032	0.51199	0.514618	0.517162
	0.598233	0.511089	0.502547	0.505169	0.507712
	0.589678	0.502048	0.493268	0.495883	0.498426
	0.581181	0.493188	0.484143	0.486748	0.489291
	0.572728	0.484497	0.47516	0.477753	0.480296
	0.564306	0.475966	0.46631	0.468889	0.471432
	0.555907	0.467586	0.457585	0.460148	0.46269
	0.547524	0.459348	0.448979	0.451521	0.454063
	0.539152	0.451244	0.440483	0.443002	0.445543
	0.530787	0.443266	0.432095	0.434585	0.437126
	0.522427	0.435405	0.423807	0.426265	0.428805
	0.514069	0.427654	0.415616	0.418036	0.420575
	0.505713	0.420004	0.407518	0.409894	0.412431
	0.497357	0.412449	0.399509	0.401834	0.40437
	0.489002	0.404979	0.391587	0.393853	0.396388
	0.480647	0.397588	0.383747	0.385948	0.388481
	0.472291	0.390268	0.375988	0.378115	0.380645
	0.463935	0.383012	0.368307	0.370351	0.372878
	0.455579	0.375813	0.360701	0.362653	0.365176
	0.447223	0.368666	0.353168	0.355018	0.357538
	0.438867	0.361563	0.345706	0.347445	0.34996
	0.43051	0.354499	0.338312	0.33993	0.342439
	0.422153	0.347469	0.330985	0.332473	0.334975
	0.413796	0.340467	0.323722	0.32507	0.327564
	0.405438	0.333491	0.316521	0.31772	0.320204
	0.397081	0.326535	0.30938	0.31042	0.312894
	0.388723	0.319597	0.302297	0.303171	0.305631
	0.380365	0.312673	0.295268	0.295969	0.298415
	0.372006	0.305761	0.288292	0.288813	0.291242
	0.363648	0.298859	0.281366	0.281702	0.284112
	0.35529	0.291965	0.274489	0.274635	0.277024
	0.346931	0.285076	0.267657	0.26761	0.269975
	0.338573	0.278193	0.260868	0.260626	0.262964
	0.330214	0.271314	0.254119	0.253682	0.255989
	0.321856	0.264437	0.247408	0.246777	0.249051
	0.313498	0.257563	0.240733	0.23991	0.242147
	0.305139	0.25069	0.234091	0.233079	0.235276
	0.296781	0.243819	0.227479	0.226284	0.228437
	0.288422	0.236949	0.220895	0.219524	0.221629
	0.280064	0.230079	0.214338	0.212797	0.214851
	0.271706	0.22321	0.207803	0.206103	0.208102
	0.263347	0.216342	0.201291	0.199441	0.201381
	0.254989	0.209473	0.194797	0.192809	0.194687
	0.24663	0.202605	0.188321	0.186208	0.188019
	0.238271	0.195737	0.18186	0.179634	0.181377
	0.229912	0.188869	0.175414	0.173089	0.174759
	0.221553	0.182001	0.168979	0.16657	0.168166
	0.213194	0.175133	0.162555	0.160077	0.161595
	0.204834	0.168265	0.156141	0.153608	0.155048
	0.196474	0.161397	0.149735	0.147163	0.148521
	0.188115	0.154529	0.143335	0.14074	0.142016
	0.179755	0.147661	0.136942	0.134339	0.135532
	0.171395	0.140794	0.130554	0.127958	0.129068
	0.163035	0.133926	0.124171	0.121596	0.122622
	0.154675	0.127058	0.117791	0.115253	0.116196
	0.146315	0.12019	0.111414	0.108927	0.109788
	0.137955	0.113322	0.105039	0.102617	0.103398
	0.129596	0.106454	0.098667	0.096322	0.0970244
	0.121236	0.0995864	0.0922965	0.0900412	0.0906678
	0.112877	0.0927186	0.0859274	0.0837734	0.0843273
	0.104517	0.0858507	0.0795596	0.0775178	0.0780023
	0.0961571	0.0789827	0.0731927	0.0712735	0.0716923
	0.0877972	0.0721147	0.0668265	0.0650394	0.065397
	0.0794372	0.0652467	0.0604609	0.0588148	0.0591154
	0.0710771	0.0583788	0.0540958	0.0525987	0.0528475
	0.0627167	0.0515108	0.047731	0.0463904	0.046592
	0.0543562	0.0446429	0.0413666	0.0401893	0.0403495
	0.0459953	0.037775	0.0350024	0.0339942	0.0341172
	0.0376344	0.0309071	0.0286383	0.0278051	0.027898
	0.0292728	0.0240392	0.0222743	0.0216202	0.021685
	0.0209128	0.017172	0.0159107	0.0154405	0.0154885
	0.0125501	0.0103041	0.00954691	0.00926231	0.0092869
	0.00418382	0.00343461	0.00318236	0.00309136	0.00311403
	0.930566	0.858453	0.851267	0.853923	0.856467
	0.927359	0.855236	0.84805	0.850706	0.85325
	0.92077	0.848627	0.84144	0.844096	0.84664
	0.910628	0.838449	0.831261	0.833918	0.836462
	0.89766	0.825427	0.818238	0.820895	0.823439
	0.88282	0.810514	0.803324	0.80598	0.808524
	0.866881	0.794476	0.787284	0.78994	0.792484
	0.850391	0.777849	0.770654	0.773311	0.775855
	0.833746	0.761022	0.753824	0.75648	0.759024
	0.817248	0.744292	0.73709	0.739746	0.74229
	0.801118	0.727876	0.720668	0.723324	0.725868
	0.785508	0.711913	0.704698	0.707353	0.709897
	0.770503	0.696481	0.689256	0.691911	0.694455
	0.756141	0.681613	0.674376	0.677031	0.679575
	0.742429	0.667315	0.660062	0.662716	0.66526
	0.729353	0.653573	0.646299	0.648954	0.651498
	0.716885	0.640361	0.633062	0.635716	0.63826
	0.704988	0.627646	0.620316	0.622969	0.625513
	0.693616	0.615393	0.608024	0.610676	0.61322
	0.682721	0.603565	0.596148	0.5988	0.601343
	0.672253	0.592128	0.584653	0.587303	0.589846
	0.662162	0.581048	0.573502	0.576151	0.578695
	0.652397	0.570297	0.562665	0.565312	0.567856
	0.642914	0.559846	0.552113	0.554758	0.557301
	0.633668	0.549672	0.54182	0.544461	0.547005
	0.624619	0.539754	0.531761	0.534399	0.536943
	0.615731	0.530072	0.521918	0.524552	0.527095
	0.606973	0.520612	0.512272	0.5149	0.517444
	0.598318	0.511358	0.502807	0.505429	0.507972
	0.589743	0.502297	0.493509	0.496123	0.498666
	0.58123	0.493418	0.484366	0.48697	0.489513
	0.572764	0.48471	0.475368	0.477959	0.480502
	0.564333	0.476163	0.466504	0.469081	0.471623
	0.555926	0.467768	0.457766	0.460326	0.462868
	0.547537	0.459516	0.449148	0.451688	0.454229
	0.539161	0.451398	0.440642	0.443158	0.445699
	0.530793	0.443407	0.432244	0.434732	0.437272
	0.522431	0.435535	0.423948	0.426402	0.428942
	0.514071	0.427772	0.415749	0.418165	0.420704
	0.505714	0.420112	0.407644	0.410016	0.412553
	0.497358	0.412546	0.399629	0.401949	0.404485
	0.489002	0.405066	0.3917	0.393962	0.396497
	0.480647	0.397666	0.383855	0.386051	0.388583
	0.472291	0.390337	0.376091	0.378212	0.380742
	0.463935	0.383074	0.368405	0.370443	0.37297
	0.455579	0.375868	0.360794	0.36274	0.365264
	0.447223	0.368713	0.353257	0.355102	0.357621
	0.438866	0.361604	0.34579	0.347524	0.350038
	0.43051	0.354534	0.338393	0.340006	0.342514
	0.422153	0.347499	0.331062	0.332545	0.335046
	0.413795	0.340493	0.323795	0.325139	0.327631
	0.405438	0.333513	0.316591	0.317785	0.320269
	0.39708	0.326553	0.309446	0.310483	0.312955
	0.388722	0.319612	0.302359	0.303231	0.30569
	0.380364	0.312686	0.295327	0.296026	0.298471
	0.372006	0.305772	0.288348	0.288868	0.291296
	0.363648	0.298867	0.281419	0.281755	0.284164
	0.355289	0.291971	0.274538	0.274686	0.277073
	0.346931	0.285082	0.267703	0.267659	0.270021
	0.338573	0.278197	0.260911	0.260673	0.263008
	0.330214	0.271317	0.254159	0.253728	0.256032
	0.321856	0.26444	0.247445	0.246821	0.249092
	0.313498	0.257565	0.240767	0.239952	0.242186
	0.305139	0.250692	0.234122	0.23312	0.235313
	0.296781	0.24382	0.227508	0.226323	0.228473
	0.288422	0.23695	0.220922	0.219561	0.221664
	0.280064	0.23008	0.214362	0.212833	0.214884
	0.271706	0.223211	0.207825	0.206138	0.208134
	0.263347	0.216342	0.20131	0.199474	0.201412
	0.254989	0.209473	0.194815	0.192841	0.194716
	0.24663	0.202605	0.188337	0.186238	0.188048
	0.238271	0.195737	0.181874	0.179664	0.181405
	0.229912	0.188869	0.175426	0.173117	0.174786
	0.221553	0.182001	0.16899	0.166597	0.168192
	0.213194	0.175133	0.162565	0.160102	0.16162
	0.204834	0.168265	0.156149	0.153632	0.155071
	0.196474	0.161397	0.149742	0.147186	0.148544
	0.188114	0.154529	0.143342	0.140762	0.142039
	0.179755	0.147662	0.136948	0.13436	0.135553
	0.171395	0.140794	0.130559	0.127978	0.129088
	0.163035	0.133926	0.124174	0.121615	0.122642
	0.154675	0.127058	0.117794	0.115271	0.116215
	0.146315	0.12019	0.111416	0.108943	0.109807
	0.137955	0.113322	0.105041	0.102632	0.103416
	0.129596	0.106455	0.0986688	0.0963362	0.0970418
	0.121236	0.0995867	0.092298	0.0900544	0.0906845
	0.112876	0.0927189	0.0859287	0.0837857	0.0843434
	0.104517	0.085851	0.0795606	0.0775292	0.0780178
	0.096157	0.078983	0.0731935	0.0712839	0.0717072
	0.0877972	0.0721149	0.0668272	0.0650489	0.0654112
	0.0794373	0.0652469	0.0604614	0.0588234	0.059129
	0.0710772	0.058379	0.0540962	0.0526066	0.0528605
	0.0627168	0.051511	0.0477313	0.0463976	0.0466043
	0.0543563	0.044643	0.0413668	0.0401957	0.0403611
	0.0459954	0.037775	0.0350025	0.0339999	0.0341279
	0.0376346	0.030907	0.0286383	0.0278103	0.0279081
	0.0292729	0.0240391	0.0222742	0.0216246	0.0216935
	0.0209129	0.0171719	0.0159106	0.0154444	0.0154969
	0.0125502	0.0103034	0.00954649	0.00926554	0.00929174
	0.00418393	0.00343403	0.00318196	0.00309435	0.00312025
	0.930566	0.858453	0.851267	0.853923	0.856467
	0.927359	0.855236	0.84805	0.850706	0.85325
	0.92077	0.848627	0.84144	0.844096	0.84664
	0.910628	0.838449	0.831261	0.833918	0.836462
	0.89766	0.825427	0.818238	0.820895	0.823439
	0.88282	0.810514	0.803324	0.80598	0.808524
	0.866881	0.794476	0.787284	0.78994	0.792484
	0.85039	0.777849	0.770654	0.773311	0.775855
	0.833746	0.761022	0.753824	0.75648	0.759024
	0.817248	0.744292	0.73709	0.739746	0.74229
	0.801118	0.727876	0.720668	0.723324	0.725868
	0.785508	0.711913	0.704698	0.707353	0.709897
	0.770503	0.696481	0.689256	0.691911	0.694455
	0.756141	0.681613	0.674376	0.677031	0.679575
	0.742429	0.667315	0.660062	0.662716	0.66526
	0.729353	0.653573	0.646299	0.648954	0.651498
	0.716885	0.640361	0.633062	0.635716	0.63826
	0.704988	0.627646	0.620316	0.622969	0.625513
	0.693616	0.615393	0.608024	0.610676	0.61322
	0.682721	0.603565	0.596148	0.5988	0.601343
	0.672253	0.592128	0.584653	0.587303	0.589846
	0.662162	0.581049	0.573502	0.576151	0.578695
	0.652397	0.570297	0.562665	0.565312	0.567856
	0.642914	0.559846	0.552113	0.554757	0.557301
	0.633668	0.549672	0.54182	0.544461	0.547005
	0.624618	0.539754	0.531762	0.534399	0.536943
	0.615731	0.530073	0.521918	0.524552	0.527095
	0.606972	0.520612	0.512272	0.5149	0.517444
	0.598318	0.511358	0.502807	0.505429	0.507972
	0.589743	0.502297	0.493509	0.496123	0.498666
	0.58123	0.493418	0.484366	0.48697	0.489513
	0.572764	0.48471	0.475368	0.477959	0.480502
	0.564333	0.476163	0.466504	0.469081	0.471623
	0.555926	0.467768	0.457766	0.460326	0.462868
	0.547537	0.459516	0.449148	0.451688	0.454229
	0.539161	0.451399	0.440642	0.443158	0.445699
	0.530793	0.443408	0.432244	0.434732	0.437272
	0.522431	0.435535	0.423948	0.426402	0.428942
	0.514071	0.427772	0.415749	0.418165	0.420704
	0.505714	0.420112	0.407644	0.410015	0.412553
	0.497358	0.412546	0.399629	0.401949	0.404485
	0.489003	0.405066	0.3917	0.393962	0.396497
	0.480647	0.397666	0.383855	0.386051	0.388583
	0.472291	0.390338	0.376091	0.378212	0.380742
	0.463936	0.383074	0.368405	0.370443	0.37297
	0.45558	0.375868	0.360794	0.36274	0.365264
	0.447223	0.368713	0.353257	0.355102	0.357621
	0.438867	0.361604	0.34579	0.347524	0.350038
	0.43051	0.354534	0.338393	0.340006	0.342514
	0.422153	0.347499	0.331062	0.332545	0.335046
	0.413795	0.340493	0.323795	0.325139	0.327631
	0.405438	0.333513	0.316591	0.317785	0.320269
	0.39708	0.326553	0.309446	0.310483	0.312955
	0.388722	0.319612	0.302359	0.303231	0.30569
	0.380364	0.312686	0.295327	0.296026	0.298471
	0.372006	0.305772	0.288348	0.288868	0.291296
	0.363647	0.298867	0.281419	0.281755	0.284164
	0.355289	0.291971	0.274538	0.274686	0.277073
	0.346931	0.285082	0.267703	0.267659	0.270021
	0.338573	0.278197	0.260911	0.260673	0.263008
	0.330214	0.271317	0.254159	0.253728	0.256032
	0.321856	0.26444	0.247445	0.246821	0.249092
	0.313498	0.257565	0.240767	0.239952	0.242186
	0.305139	0.250692	0.234122	0.23312	0.235313
	0.296781	0.24382	0.227508	0.226323	0.228473
	0.288423	0.23695	0.220922	0.219561	0.221664
	0.280064	0.23008	0.214362	0.212833	0.214884
	0.271706	0.223211	0.207825	0.206138	0.208134
	0.263347	0.216342	0.20131	0.199474	0.201412
	0.254989	0.209474	0.194815	0.192841	0.194716
	0.24663	0.202605	0.188337	0.186238	0.188048
	0.238271	0.195737	0.181875	0.179664	0.181405
	0.229912	0.188869	0.175426	0.173117	0.174786
	0.221553	0.182001	0.16899	0.166597	0.168191
	0.213194	0.175133	0.162565	0.160102	0.16162
	0.204834	0.168265	0.156149	0.153632	0.155071
	0.196474	0.161397	0.149742	0.147186	0.148544
	0.188114	0.154529	0.143342	0.140762	0.142039
	0.179754	0.147662	0.136948	0.13436	0.135553
	0.171395	0.140794	0.130559	0.127978	0.129088
	0.163035	0.133926	0.124174	0.121615	0.122642
	0.154675	0.127058	0.117794	0.115271	0.116215
	0.146315	0.12019	0.111416	0.108943	0.109807
	0.137955	0.113323	0.105041	0.102632	0.103416
	0.129596	0.106455	0.0986689	0.0963363	0.0970417
	0.121236	0.099587	0.0922981	0.0900545	0.0906845
	0.112876	0.0927191	0.0859288	0.0837857	0.0843433
	0.104517	0.0858512	0.0795607	0.0775292	0.0780177
	0.0961571	0.0789832	0.0731936	0.0712839	0.0717072
	0.0877973	0.0721151	0.0668272	0.065049	0.0654112
	0.0794374	0.0652471	0.0604615	0.0588235	0.059129
	0.0710773	0.0583791	0.0540962	0.0526067	0.0528605
	0.062717	0.0515112	0.0477314	0.0463977	0.0466043
	0.0543565	0.0446432	0.0413668	0.0401958	0.040361
	0.0459956	0.0377751	0.0350025	0.0340001	0.0341278
	0.0376349	0.030907	0.0286383	0.0278105	0.027908
	0.0292732	0.024039	0.0222741	0.0216249	0.0216934
	0.0209132	0.0171717	0.0159104	0.0154447	0.0154968
	0.0125505	0.0103027	0.00954595	0.00926633	0.00929147
	0.00418403	0.00343343	0.00318149	0.00309505	0.00311996
	0.934458	0.862357	0.85517	0.857827	0.860371
	0.930963	0.858852	0.851665	0.854322	0.856866
	0.923804	0.851674	0.844487	0.847143	0.849687
	0.912879	0.840714	0.833526	0.836183	0.838727
	0.899092	0.826875	0.819686	0.822343	0.824887
	0.883536	0.811247	0.804057	0.806714	0.809258
	0.867029	0.794643	0.787451	0.790108	0.792652
	0.85011	0.777589	0.770395	0.773052	0.775596
	0.833159	0.760459	0.753261	0.755917	0.758461
	0.81646	0.74353	0.736329	0.738985	0.741529
	0.800216	0.727	0.719793	0.722449	0.724993
	0.784555	0.710986	0.703772	0.706428	0.708972
	0.769546	0.695547	0.688324	0.690979	0.693523
	0.755212	0.680703	0.673467	0.676122	0.678666
	0.74155	0.666446	0.659195	0.66185	0.664394
	0.728539	0.652757	0.645486	0.64814	0.650684
	0.716144	0.639603	0.632307	0.634961	0.637505
	0.704323	0.626947	0.61962	0.622274	0.624817
	0.693028	0.614752	0.607387	0.610039	0.612583
	0.682207	0.602979	0.595567	0.598218	0.600762
	0.67181	0.591592	0.584122	0.586773	0.589316
	0.661784	0.580559	0.573019	0.575668	0.578212
	0.652081	0.56985	0.562226	0.564872	0.567416
	0.642651	0.559437	0.551712	0.554357	0.5569
	0.633452	0.549297	0.541453	0.544095	0.546639
	0.624444	0.53941	0.531426	0.534065	0.536608
	0.615591	0.529756	0.521611	0.524245	0.526788
	0.606863	0.52032	0.51199	0.514618	0.517162
	0.598232	0.511089	0.502547	0.505169	0.507712
	0.589678	0.502048	0.493269	0.495883	0.498426
	0.581181	0.493188	0.484143	0.486748	0.489291
	0.572728	0.484497	0.47516	0.477753	0.480296
	0.564306	0.475966	0.46631	0.468889	0.471432
	0.555907	0.467586	0.457585	0.460148	0.46269
	0.547524	0.459349	0.448979	0.451521	0.454063
	0.539152	0.451245	0.440484	0.443002	0.445543
	0.530787	0.443266	0.432095	0.434585	0.437126
	0.522427	0.435406	0.423807	0.426265	0.428805
	0.514069	0.427655	0.415616	0.418036	0.420575
	0.505713	0.420005	0.407518	0.409893	0.412431
	0.497358	0.412449	0.399509	0.401834	0.40437
	0.489003	0.404979	0.391587	0.393853	0.396388
	0.480648	0.397588	0.383747	0.385948	0.388481
	0.472292	0.390268	0.375988	0.378115	0.380645
	0.463936	0.383012	0.368307	0.37035	0.372878
	0.45558	0.375814	0.360701	0.362652	0.365176
	0.447224	0.368666	0.353168	0.355018	0.357538
	0.438867	0.361563	0.345706	0.347445	0.34996
	0.43051	0.354499	0.338312	0.33993	0.342439
	0.422153	0.347469	0.330985	0.332473	0.334975
	0.413795	0.340467	0.323723	0.32507	0.327564
	0.405438	0.333491	0.316522	0.317719	0.320204
	0.39708	0.326535	0.30938	0.31042	0.312894
	0.388722	0.319597	0.302297	0.303171	0.305631
	0.380364	0.312673	0.295268	0.295969	0.298415
	0.372005	0.305761	0.288292	0.288813	0.291242
	0.363647	0.298859	0.281367	0.281702	0.284112
	0.355289	0.291965	0.274489	0.274635	0.277024
	0.346931	0.285076	0.267657	0.26761	0.269974
	0.338573	0.278193	0.260868	0.260626	0.262964
	0.330214	0.271314	0.254119	0.253682	0.255989
	0.321856	0.264437	0.247408	0.246777	0.249051
	0.313498	0.257563	0.240733	0.23991	0.242147
	0.305139	0.25069	0.234091	0.233079	0.235276
	0.296781	0.243819	0.227479	0.226284	0.228437
	0.288423	0.236949	0.220896	0.219524	0.221629
	0.280064	0.230079	0.214338	0.212797	0.214851
	0.271706	0.22321	0.207804	0.206103	0.208102
	0.263347	0.216342	0.201291	0.199441	0.201381
	0.254989	0.209473	0.194797	0.192809	0.194687
	0.24663	0.202605	0.188321	0.186207	0.188019
	0.238271	0.195737	0.181861	0.179634	0.181377
	0.229912	0.188869	0.175414	0.173089	0.174759
	0.221553	0.182001	0.16898	0.16657	0.168166
	0.213193	0.175133	0.162556	0.160077	0.161595
	0.204834	0.168265	0.156141	0.153608	0.155047
	0.196474	0.161397	0.149735	0.147163	0.148521
	0.188114	0.15453	0.143336	0.14074	0.142016
	0.179754	0.147662	0.136942	0.134339	0.135532
	0.171395	0.140794	0.130554	0.127958	0.129068
	0.163035	0.133926	0.124171	0.121596	0.122622
	0.154675	0.127059	0.117791	0.115253	0.116196
	0.146315	0.120191	0.111414	0.108927	0.109788
	0.137955	0.113323	0.105039	0.102617	0.103398
	0.129596	0.106455	0.0986671	0.0963221	0.0970243
	0.121236	0.0995873	0.0922966	0.0900413	0.0906677
	0.112877	0.0927194	0.0859276	0.0837736	0.0843271
	0.104517	0.0858514	0.0795598	0.077518	0.0780021
	0.0961572	0.0789833	0.0731929	0.0712737	0.0716922
	0.0877975	0.0721152	0.0668267	0.0650396	0.0653968
	0.0794376	0.0652472	0.060461	0.058815	0.0591153
	0.0710776	0.0583793	0.0540959	0.052599	0.0528474
	0.0627173	0.0515113	0.0477311	0.0463907	0.0465919
	0.0543569	0.0446433	0.0413666	0.0401896	0.0403493
	0.0459961	0.0377752	0.0350023	0.0339946	0.034117
	0.0376353	0.030907	0.0286381	0.0278057	0.0278978
	0.0292736	0.024039	0.0222739	0.0216209	0.0216847
	0.0209135	0.0171715	0.0159102	0.0154412	0.0154883
	0.0125507	0.0103021	0.00954556	0.00926434	0.00928622
	0.00418413	0.003433	0.00318119	0.00309317	0.00311338
	0.942597	0.870519	0.863333	0.86599	0.868534
	0.938445	0.866358	0.859172	0.861828	0.864372
	0.930002	0.857897	0.85071	0.853367	0.855911
	0.917362	0.845225	0.838037	0.840694	0.843238
	0.901846	0.829659	0.822471	0.825127	0.827671
	0.884823	0.812568	0.805378	0.808035	0.810579
	0.867172	0.794824	0.787633	0.790289	0.792833
	0.849401	0.776923	0.76973	0.772387	0.774931
	0.831853	0.759201	0.752005	0.754661	0.757205
	0.814774	0.741897	0.734696	0.737352	0.739896
	0.798322	0.725161	0.717956	0.720612	0.723156
	0.782581	0.709067	0.701855	0.70451	0.707054
	0.767581	0.693633	0.686412	0.689067	0.691611
	0.75332	0.67885	0.671617	0.674272	0.676816
	0.739771	0.66469	0.657443	0.660097	0.662641
	0.726898	0.651116	0.64385	0.646504	0.649048
	0.714656	0.638086	0.630796	0.63345	0.635994
	0.702993	0.625554	0.618236	0.620889	0.623433
	0.691855	0.613479	0.606124	0.608776	0.61132
	0.681188	0.601819	0.594418	0.59707	0.599614
	0.670934	0.590537	0.58308	0.585731	0.588275
	0.661042	0.579599	0.572074	0.574723	0.577267
	0.651459	0.568976	0.561368	0.564015	0.566559
	0.642137	0.55864	0.550933	0.553578	0.556122
	0.633033	0.548569	0.540745	0.543387	0.545931
	0.624106	0.538743	0.530781	0.53342	0.535963
	0.615323	0.529145	0.521021	0.523656	0.5262
	0.606652	0.519759	0.511449	0.514079	0.516623
	0.598069	0.510572	0.50205	0.504674	0.507217
	0.589553	0.501572	0.492811	0.495427	0.497971
	0.581087	0.492749	0.483721	0.486328	0.488871
	0.572658	0.484092	0.474769	0.477365	0.479907
	0.564255	0.475593	0.465946	0.468529	0.471072
	0.555871	0.467243	0.457247	0.459813	0.462355
	0.547499	0.459033	0.448662	0.451209	0.453751
	0.539135	0.450955	0.440187	0.442711	0.445253
	0.530776	0.443001	0.431816	0.434313	0.436854
	0.52242	0.435164	0.423545	0.42601	0.42855
	0.514065	0.427435	0.415369	0.417796	0.420336
	0.505711	0.419806	0.407285	0.409668	0.412207
	0.497357	0.41227	0.399289	0.401622	0.404159
	0.489003	0.404818	0.391378	0.393653	0.396189
	0.480648	0.397444	0.383549	0.385759	0.388293
	0.472293	0.390141	0.3758	0.377936	0.380467
	0.463938	0.3829	0.368128	0.370181	0.37271
	0.455581	0.375715	0.360531	0.362492	0.365017
	0.447225	0.36858	0.353006	0.354866	0.357387
	0.438868	0.361488	0.345552	0.3473	0.349816
	0.430511	0.354435	0.338166	0.339793	0.342303
	0.422154	0.347414	0.330846	0.332342	0.334845
	0.413796	0.340421	0.32359	0.324945	0.327441
	0.405438	0.333452	0.316396	0.3176	0.320087
	0.39708	0.326503	0.309262	0.310306	0.312782
	0.388722	0.31957	0.302184	0.303062	0.305525
	0.380363	0.312651	0.295162	0.295864	0.298313
	0.372005	0.305743	0.288192	0.288713	0.291146
	0.363647	0.298845	0.281273	0.281606	0.28402
	0.355289	0.291953	0.274401	0.274543	0.276935
	0.346931	0.285067	0.267575	0.267522	0.26989
	0.338573	0.278186	0.260791	0.260541	0.262883
	0.330215	0.271308	0.254048	0.2536	0.255912
	0.321856	0.264433	0.247343	0.246699	0.248977
	0.313498	0.25756	0.240673	0.239834	0.242076
	0.30514	0.250688	0.234035	0.233006	0.235208
	0.296781	0.243817	0.227428	0.226214	0.228371
	0.288423	0.236948	0.220849	0.219457	0.221566
	0.280064	0.230078	0.214296	0.212733	0.21479
	0.271706	0.22321	0.207765	0.206041	0.208044
	0.263347	0.216341	0.201256	0.199381	0.201325
	0.254988	0.209473	0.194767	0.192752	0.194633
	0.24663	0.202605	0.188294	0.186153	0.187968
	0.238271	0.195737	0.181837	0.179582	0.181327
	0.229912	0.188869	0.175393	0.173039	0.174712
	0.221552	0.182001	0.168961	0.166522	0.16812
	0.213193	0.175133	0.162539	0.160031	0.161551
	0.204834	0.168265	0.156127	0.153565	0.155005
	0.196474	0.161398	0.149723	0.147122	0.14848
	0.188114	0.15453	0.143325	0.140701	0.141977
	0.179754	0.147662	0.136934	0.134302	0.135494
	0.171395	0.140794	0.130547	0.127923	0.12903
	0.163035	0.133927	0.124164	0.121564	0.122587
	0.154675	0.127059	0.117785	0.115223	0.116162
	0.146315	0.120191	0.111409	0.108898	0.109755
	0.137956	0.113323	0.105036	0.10259	0.103365
	0.129596	0.106455	0.0986641	0.0962973	0.0969933
	0.121236	0.0995875	0.0922941	0.0900183	0.0906378
	0.112877	0.0927196	0.0859256	0.0837524	0.0842984
	0.104517	0.0858515	0.0795582	0.0774986	0.0779745
	0.0961574	0.0789833	0.0731916	0.0712558	0.0716657
	0.0877978	0.0721153	0.0668257	0.0650234	0.0653715
	0.079438	0.0652473	0.0604602	0.0588002	0.0590911
	0.071078	0.0583795	0.0540953	0.0525856	0.0528243
	0.0627178	0.0515115	0.0477306	0.0463787	0.0465701
	0.0543575	0.0446435	0.0413662	0.0401789	0.0403287
	0.0459967	0.0377753	0.035002	0.0339852	0.0340981
	0.0376359	0.0309071	0.0286379	0.0277973	0.0278799
	0.0292742	0.024039	0.0222738	0.0216139	0.0216696
	0.0209139	0.0171715	0.0159101	0.0154352	0.0154735
	0.012551	0.010302	0.00954544	0.00926011	0.00927725
	0.00418421	0.00343297	0.00318116	0.00308928	0.00310208
	0.955799	0.883754	0.876569	0.879225	0.881769
	0.950421	0.878369	0.871183	0.87384	0.876384
	0.939625	0.867557	0.860371	0.863027	0.865571
	0.923997	0.851901	0.844714	0.847371	0.849915
	0.905647	0.833505	0.826318	0.828975	0.831519
	0.886337	0.814134	0.806946	0.809602	0.812146
	0.866961	0.794672	0.787482	0.790139	0.792683
	0.847941	0.775532	0.76834	0.770996	0.77354
	0.82955	0.756975	0.749781	0.752437	0.754981
	0.811965	0.739173	0.731975	0.734631	0.737175
	0.795265	0.722195	0.714993	0.717649	0.720193
	0.779461	0.706038	0.69883	0.701485	0.704029
	0.764525	0.690662	0.683445	0.6861	0.688644
	0.750411	0.676012	0.668785	0.67144	0.673984
	0.737064	0.66203	0.65479	0.657445	0.659989
	0.724424	0.648656	0.641399	0.644053	0.646597
	0.712429	0.635832	0.628553	0.631207	0.633751
	0.701018	0.623502	0.616197	0.61885	0.621394
	0.690126	0.611619	0.604279	0.606932	0.609476
	0.679693	0.600137	0.592754	0.595406	0.59795
	0.669659	0.589017	0.581581	0.584232	0.586776
	0.659968	0.578225	0.570724	0.573374	0.575918
	0.650565	0.567732	0.560152	0.5628	0.565344
	0.641403	0.557513	0.549836	0.552482	0.555026
	0.632438	0.547546	0.539753	0.542397	0.544941
	0.62363	0.537812	0.529883	0.532523	0.535067
	0.614947	0.528295	0.520206	0.522843	0.525386
	0.606359	0.518982	0.510707	0.513339	0.515883
	0.597844	0.50986	0.501372	0.503999	0.506542
	0.589383	0.50092	0.49219	0.49481	0.497353
	0.580961	0.49215	0.48315	0.485761	0.488304
	0.572566	0.483542	0.474243	0.476843	0.479386
	0.564189	0.475088	0.46546	0.468048	0.470591
	0.555824	0.46678	0.456795	0.459368	0.46191
	0.547467	0.458609	0.448243	0.450796	0.453338
	0.539113	0.450568	0.439796	0.442327	0.444869
	0.530762	0.442649	0.43145	0.433956	0.436497
	0.522412	0.434844	0.423202	0.425676	0.428217
	0.514061	0.427146	0.415047	0.417484	0.420024
	0.505709	0.419546	0.406981	0.409376	0.411915
	0.497357	0.412036	0.399002	0.401347	0.403885
	0.489004	0.40461	0.391107	0.393395	0.395931
	0.48065	0.39726	0.383293	0.385516	0.38805
	0.472295	0.389978	0.375557	0.377707	0.380239
	0.463939	0.382757	0.367898	0.369965	0.372494
	0.455583	0.37559	0.360313	0.362287	0.364813
	0.447226	0.368472	0.352799	0.354672	0.357194
	0.438869	0.361395	0.345356	0.347116	0.349634
	0.430512	0.354355	0.33798	0.339618	0.34213
	0.422154	0.347347	0.33067	0.332175	0.334681
	0.413796	0.340364	0.323423	0.324786	0.327285
	0.405438	0.333404	0.316238	0.317449	0.319939
	0.39708	0.326463	0.309113	0.310162	0.312641
	0.388722	0.319538	0.302044	0.302924	0.305391
	0.380364	0.312625	0.29503	0.295733	0.298185
	0.372006	0.305722	0.288068	0.288587	0.291024
	0.363647	0.298827	0.281157	0.281486	0.283904
	0.355289	0.291939	0.274293	0.274427	0.276824
	0.346931	0.285056	0.267474	0.267411	0.269784
	0.338573	0.278177	0.260697	0.260435	0.262781
	0.330215	0.271301	0.253961	0.253499	0.255815
	0.321856	0.264428	0.247263	0.246601	0.248884
	0.313498	0.257556	0.240599	0.23974	0.241987
	0.30514	0.250685	0.233968	0.232916	0.235122
	0.296781	0.243815	0.227367	0.226128	0.22829
	0.288423	0.236946	0.220793	0.219373	0.221488
	0.280064	0.230077	0.214245	0.212653	0.214715
	0.271705	0.223209	0.20772	0.205965	0.207972
	0.263347	0.216341	0.201216	0.199308	0.201256
	0.254988	0.209473	0.19473	0.192682	0.194567
	0.246629	0.202605	0.188262	0.186086	0.187904
	0.23827	0.195737	0.181808	0.179518	0.181266
	0.229911	0.188869	0.175368	0.172977	0.174652
	0.221552	0.182001	0.168939	0.166464	0.168063
	0.213193	0.175133	0.16252	0.159976	0.161496
	0.204833	0.168265	0.156111	0.153512	0.154952
	0.196474	0.161398	0.149709	0.147072	0.148429
	0.188114	0.15453	0.143313	0.140654	0.141927
	0.179755	0.147662	0.136923	0.134258	0.135446
	0.171395	0.140795	0.130538	0.127882	0.128985
	0.163035	0.133927	0.124157	0.121525	0.122542
	0.154675	0.127059	0.117779	0.115186	0.116119
	0.146315	0.120191	0.111404	0.108864	0.109714
	0.137956	0.113323	0.105031	0.102559	0.103326
	0.129596	0.106455	0.0986606	0.096268	0.0969553
	0.121236	0.0995876	0.0922914	0.0899913	0.0906012
	0.112877	0.0927196	0.0859234	0.0837275	0.0842633
	0.104517	0.0858515	0.0795564	0.0774757	0.0779408
	0.0961577	0.0789834	0.0731901	0.0712349	0.0716334
	0.0877981	0.0721154	0.0668245	0.0650043	0.0653406
	0.0794384	0.0652475	0.0604594	0.058783	0.0590617
	0.0710786	0.0583796	0.0540946	0.0525701	0.0527964
	0.0627185	0.0515117	0.0477301	0.0463648	0.0465439
	0.0543582	0.0446436	0.0413659	0.0401665	0.040304
	0.0459974	0.0377754	0.0350018	0.0339742	0.0340755
	0.0376366	0.0309072	0.0286377	0.0277877	0.0278588
	0.0292749	0.0240392	0.0222737	0.0216057	0.0216516
	0.0209144	0.0171715	0.01591	0.0154283	0.0154562
	0.0125514	0.0103023	0.00954561	0.00925513	0.00926672
	0.00418425	0.00343329	0.00318139	0.00308482	0.00308891
	0.975554	0.903552	0.896367	0.899024	0.901568
	0.967967	0.89596	0.888775	0.891431	0.893975
	0.953067	0.881047	0.873862	0.876518	0.879062
	0.932597	0.860553	0.853368	0.856025	0.858569
	0.91001	0.837931	0.830745	0.833401	0.835945
	0.887492	0.815361	0.808174	0.810831	0.813375
	0.865803	0.793599	0.786411	0.789067	0.791611
	0.845193	0.772884	0.765695	0.768351	0.770895
	0.825812	0.753353	0.746162	0.748818	0.751362
	0.807706	0.735044	0.72785	0.730506	0.73305
	0.790819	0.717891	0.710693	0.713349	0.715893
	0.775053	0.701777	0.694574	0.69723	0.699774
	0.760302	0.686582	0.679372	0.682028	0.684572
	0.746465	0.672193	0.664975	0.667631	0.670175
	0.733449	0.658514	0.651284	0.653939	0.656483
	0.721165	0.645455	0.638211	0.640865	0.643409
	0.709533	0.63294	0.625677	0.628332	0.630876
	0.698479	0.620904	0.613617	0.616271	0.618815
	0.687929	0.609292	0.601974	0.604627	0.607171
	0.677815	0.598056	0.590699	0.593352	0.595896
	0.668074	0.587156	0.57975	0.582402	0.584946
	0.658646	0.57656	0.569093	0.571744	0.574288
	0.649478	0.56624	0.558697	0.561346	0.56389
	0.64052	0.556173	0.548537	0.551184	0.553728
	0.631729	0.546338	0.53859	0.541235	0.543779
	0.62307	0.536721	0.528838	0.53148	0.534024
	0.614509	0.527308	0.519265	0.521904	0.524447
	0.606022	0.518086	0.509856	0.512491	0.515035
	0.597589	0.509045	0.500601	0.503231	0.505774
	0.589193	0.500177	0.491488	0.494112	0.496655
	0.580821	0.491473	0.482509	0.485124	0.487668
	0.572465	0.482925	0.473655	0.476261	0.478804
	0.564118	0.474526	0.46492	0.467514	0.470057
	0.555775	0.466268	0.456298	0.458876	0.461419
	0.547434	0.458144	0.447782	0.450343	0.452885
	0.539092	0.450147	0.439368	0.441908	0.44445
	0.530749	0.442268	0.431052	0.433566	0.436108
	0.522404	0.434501	0.42283	0.425314	0.427855
	0.514057	0.426838	0.414699	0.417147	0.419687
	0.505708	0.419271	0.406655	0.409061	0.4116
	0.497357	0.411792	0.398696	0.401052	0.40359
	0.489005	0.404394	0.390819	0.393119	0.395655
	0.480651	0.39707	0.383021	0.385256	0.387791
	0.472296	0.389811	0.375301	0.377462	0.379995
	0.463941	0.382612	0.367656	0.369734	0.372265
	0.455584	0.375465	0.360084	0.36207	0.364597
	0.447228	0.368365	0.352583	0.354466	0.35699
	0.43887	0.361304	0.345152	0.346922	0.349441
	0.430513	0.354278	0.337787	0.339434	0.341948
	0.422155	0.347281	0.330488	0.332	0.334508
	0.413797	0.34031	0.323252	0.32462	0.327121
	0.405439	0.333359	0.316077	0.317291	0.319783
	0.397081	0.326426	0.308961	0.310012	0.312493
	0.388722	0.319507	0.301902	0.302781	0.30525
	0.380364	0.3126	0.294897	0.295596	0.298052
	0.372006	0.305702	0.287944	0.288456	0.290896
	0.363648	0.298811	0.281041	0.281361	0.283782
	0.35529	0.291927	0.274185	0.274308	0.276709
	0.346931	0.285046	0.267375	0.267297	0.269673
	0.338573	0.27817	0.260606	0.260326	0.262676
	0.330215	0.271295	0.253877	0.253394	0.255714
	0.321857	0.264423	0.247185	0.2465	0.248788
	0.313498	0.257552	0.240528	0.239644	0.241895
	0.30514	0.250682	0.233904	0.232824	0.235034
	0.296781	0.243813	0.227309	0.22604	0.228205
	0.288422	0.236945	0.220741	0.219289	0.221407
	0.280064	0.230076	0.214198	0.212572	0.214638
	0.271705	0.223208	0.207678	0.205888	0.207897
	0.263346	0.21634	0.201178	0.199235	0.201184
	0.254988	0.209472	0.194697	0.192612	0.194498
	0.246629	0.202605	0.188232	0.186019	0.187837
	0.23827	0.195737	0.181782	0.179454	0.181202
	0.229911	0.188869	0.175345	0.172917	0.174591
	0.221552	0.182001	0.168919	0.166407	0.168004
	0.213193	0.175133	0.162504	0.159922	0.16144
	0.204833	0.168266	0.156096	0.153461	0.154897
	0.196474	0.161398	0.149696	0.147024	0.148377
	0.188114	0.15453	0.143303	0.140609	0.141877
	0.179755	0.147662	0.136914	0.134216	0.135398
	0.171395	0.140795	0.130531	0.127842	0.128938
	0.163035	0.133927	0.124151	0.121488	0.122498
	0.154675	0.127059	0.117774	0.115152	0.116076
	0.146316	0.120191	0.1114	0.108833	0.109672
	0.137956	0.113323	0.105028	0.102529	0.103286
	0.129596	0.106456	0.0986577	0.0962408	0.0969171
	0.121237	0.0995876	0.092289	0.0899663	0.0905646
	0.112877	0.0927196	0.0859215	0.0837046	0.0842282
	0.104518	0.0858516	0.0795548	0.0774548	0.0779073
	0.096158	0.0789835	0.0731889	0.0712159	0.0716015
	0.0877985	0.0721155	0.0668236	0.0649871	0.0653102
	0.0794389	0.0652476	0.0604586	0.0587675	0.0590329
	0.0710791	0.0583798	0.054094	0.0525562	0.0527692
	0.0627191	0.0515118	0.0477297	0.0463524	0.0465184
	0.054359	0.0446437	0.0413656	0.0401555	0.0402802
	0.0459983	0.0377756	0.0350016	0.0339646	0.0340537
	0.0376375	0.0309074	0.0286376	0.0277793	0.0278388
	0.0292758	0.0240394	0.0222737	0.0215987	0.0216346
	0.020915	0.0171716	0.01591	0.0154224	0.0154402
	0.0125517	0.0103027	0.00954591	0.00925079	0.00925683
	0.00418426	0.00343375	0.00318169	0.00308114	0.00307678
	1.00442	0.932465	0.925281	0.927938	0.930482
	0.992588	0.920633	0.913449	0.916106	0.91865
	0.970585	0.898623	0.891439	0.894096	0.89664
	0.942674	0.870699	0.863515	0.866171	0.868715
	0.914186	0.842189	0.835004	0.837661	0.840205
	0.887455	0.815424	0.808239	0.810896	0.81344
	0.862879	0.790798	0.783612	0.786269	0.788813
	0.840458	0.768298	0.761111	0.763767	0.766311
	0.820123	0.74784	0.740653	0.743309	0.745853
	0.801671	0.729212	0.722022	0.724679	0.727223
	0.784825	0.712121	0.704929	0.707585	0.710129
	0.769333	0.696293	0.689097	0.691753	0.694297
	0.754989	0.681504	0.674304	0.676959	0.679503
	0.74163	0.667577	0.66037	0.663025	0.665569
	0.729119	0.654369	0.647153	0.649808	0.652352
	0.717342	0.641765	0.634537	0.637192	0.639736
	0.7062	0.629674	0.62243	0.625085	0.627629
	0.695609	0.618023	0.610758	0.613412	0.615956
	0.685487	0.606754	0.599462	0.602116	0.60466
	0.675763	0.59582	0.588493	0.591146	0.59369
	0.66637	0.585185	0.577813	0.580465	0.583009
	0.657249	0.574819	0.567388	0.57004	0.572584
	0.648346	0.564698	0.557194	0.559845	0.562389
	0.639615	0.554802	0.547208	0.549857	0.552401
	0.631016	0.545117	0.537412	0.540058	0.542602
	0.622514	0.535629	0.527789	0.530434	0.532977
	0.614083	0.526327	0.518328	0.520969	0.523513
	0.6057	0.517204	0.509016	0.511653	0.514197
	0.597349	0.50825	0.499845	0.502477	0.505021
	0.589017	0.49946	0.490804	0.49343	0.495974
	0.580694	0.490825	0.481888	0.484507	0.48705
	0.572376	0.48234	0.473089	0.475699	0.478242
	0.564056	0.473997	0.464402	0.467	0.469543
	0.555734	0.465792	0.455822	0.458405	0.460948
	0.547408	0.457716	0.447343	0.44991	0.452452
	0.539076	0.449762	0.438963	0.441508	0.444051
	0.53074	0.441925	0.430677	0.433197	0.435739
	0.5224	0.434195	0.422481	0.424971	0.427513
	0.514056	0.426567	0.414374	0.416828	0.419369
	0.505709	0.419032	0.406352	0.408764	0.411303
	0.497359	0.411582	0.398412	0.400775	0.403314
	0.489007	0.404211	0.390553	0.392859	0.395396
	0.480653	0.396911	0.382772	0.385013	0.387548
	0.472298	0.389674	0.375067	0.377234	0.379767
	0.463942	0.382495	0.367436	0.369519	0.37205
	0.455586	0.375365	0.359878	0.361867	0.364395
	0.447229	0.36828	0.35239	0.354275	0.3568
	0.438872	0.361233	0.34497	0.346741	0.349261
	0.430514	0.354218	0.337617	0.339263	0.341778
	0.422156	0.347232	0.330329	0.331839	0.334348
	0.413798	0.340269	0.323103	0.324467	0.326968
	0.40544	0.333326	0.315938	0.317146	0.319639
	0.397081	0.326399	0.308832	0.309874	0.312356
	0.388723	0.319485	0.301782	0.302649	0.30512
	0.380365	0.312583	0.294786	0.295471	0.297928
	0.372006	0.305688	0.287841	0.288337	0.290778
	0.363648	0.298801	0.280946	0.281247	0.28367
	0.35529	0.291918	0.274098	0.2742	0.276601
	0.346932	0.28504	0.267294	0.267193	0.269571
	0.338574	0.278165	0.260533	0.260227	0.262578
	0.330215	0.271292	0.25381	0.2533	0.255621
	0.321857	0.26442	0.247125	0.246411	0.248699
	0.313498	0.25755	0.240474	0.239559	0.241809
	0.30514	0.250681	0.233855	0.232743	0.234953
	0.296781	0.243812	0.227265	0.225962	0.228127
	0.288422	0.236944	0.220702	0.219216	0.221332
	0.280063	0.230076	0.214163	0.212503	0.214566
	0.271705	0.223208	0.207647	0.205822	0.207829
	0.263346	0.21634	0.201151	0.199172	0.201118
	0.254987	0.209472	0.194673	0.192553	0.194435
	0.246628	0.202605	0.188212	0.185963	0.187777
	0.23827	0.195737	0.181764	0.179401	0.181144
	0.229911	0.188869	0.17533	0.172867	0.174536
	0.221551	0.182001	0.168906	0.16636	0.167951
	0.213192	0.175134	0.162492	0.159878	0.161388
	0.204833	0.168266	0.156086	0.15342	0.154848
	0.196474	0.161398	0.149688	0.146985	0.14833
	0.188114	0.15453	0.143296	0.140573	0.141832
	0.179755	0.147663	0.136908	0.134182	0.135354
	0.171395	0.140795	0.130526	0.127811	0.128897
	0.163035	0.133927	0.124147	0.121459	0.122458
	0.154676	0.127059	0.117771	0.115125	0.116038
	0.146316	0.120191	0.111397	0.108808	0.109636
	0.137956	0.113323	0.105026	0.102507	0.103251
	0.129596	0.106456	0.098656	0.0962205	0.0968839
	0.121237	0.0995876	0.0922876	0.0899478	0.0905329
	0.112877	0.0927197	0.0859203	0.0836878	0.084198
	0.104518	0.0858516	0.0795539	0.0774396	0.0778786
	0.0961583	0.0789836	0.0731882	0.0712023	0.0715743
	0.0877988	0.0721156	0.066823	0.0649749	0.0652844
	0.0794393	0.0652477	0.0604582	0.0587566	0.0590087
	0.0710797	0.0583798	0.0540937	0.0525465	0.0527465
	0.0627198	0.0515118	0.0477295	0.0463439	0.0464973
	0.0543597	0.0446438	0.0413654	0.040148	0.0402607
	0.0459992	0.0377757	0.0350014	0.0339582	0.0340362
	0.0376384	0.0309076	0.0286375	0.0277738	0.0278229
	0.0292767	0.0240395	0.0222737	0.0215942	0.0216212
	0.0209155	0.0171716	0.0159101	0.0154188	0.0154282
	0.0125521	0.0103031	0.00954611	0.00924811	0.00924917
	0.00418422	0.00343415	0.00318192	0.00307903	0.00306794
	1.0471	0.975204	0.968021	0.970678	0.973222
	1.02576	0.953865	0.946682	0.949338	0.951882
	0.991129	0.919234	0.912051	0.914708	0.917252
	0.952566	0.880674	0.873491	0.876148	0.878692
	0.916747	0.844855	0.837673	0.840329	0.842873
	0.885088	0.813192	0.806009	0.808666	0.81121
	0.857353	0.785441	0.778258	0.780914	0.783458
	0.833257	0.761302	0.75412	0.756776	0.75932
	0.812354	0.740315	0.733132	0.735789	0.738333
	0.794013	0.721834	0.71465	0.717307	0.719851
	0.77764	0.705243	0.698057	0.700714	0.703258
	0.762789	0.690069	0.682881	0.685538	0.688082
	0.74915	0.675979	0.668788	0.671444	0.673988
	0.736498	0.662733	0.655536	0.658192	0.660736
	0.724663	0.650154	0.64295	0.645606	0.64815
	0.713515	0.638113	0.6309	0.633555	0.636099
	0.70295	0.626517	0.619289	0.621945	0.624489
	0.692876	0.615295	0.608048	0.610703	0.613247
	0.683215	0.604394	0.597122	0.599776	0.60232
	0.673895	0.593774	0.586469	0.589123	0.591667
	0.664853	0.583407	0.576057	0.57871	0.581254
	0.656031	0.573268	0.565861	0.568513	0.571058
	0.647381	0.56334	0.555861	0.558512	0.561056
	0.63886	0.553608	0.546039	0.548688	0.551232
	0.630432	0.544063	0.536382	0.539029	0.541573
	0.622069	0.534696	0.526878	0.529523	0.532067
	0.613749	0.525499	0.517517	0.520159	0.522703
	0.605453	0.516467	0.508292	0.51093	0.513474
	0.597169	0.507593	0.499194	0.501828	0.504372
	0.588888	0.498873	0.490218	0.492845	0.495389
	0.580605	0.490301	0.481357	0.483977	0.48652
	0.572314	0.481873	0.472606	0.475217	0.47776
	0.564016	0.473582	0.463962	0.46656	0.469104
	0.555708	0.465422	0.455418	0.458003	0.460546
	0.547392	0.457389	0.446972	0.449539	0.452082
	0.539068	0.449474	0.438621	0.441167	0.443709
	0.530737	0.441671	0.43036	0.432881	0.435423
	0.522399	0.433974	0.422188	0.424678	0.427219
	0.514057	0.426374	0.414102	0.416556	0.419096
	0.505711	0.418865	0.406099	0.40851	0.411049
	0.497361	0.411439	0.398177	0.400538	0.403076
	0.489009	0.404089	0.390334	0.392637	0.395174
	0.480655	0.396807	0.382568	0.384804	0.38734
	0.4723	0.389587	0.374877	0.377038	0.379571
	0.463944	0.382421	0.367259	0.369335	0.371866
	0.455587	0.375304	0.359713	0.361694	0.364222
	0.44723	0.36823	0.352237	0.354111	0.356636
	0.438873	0.361191	0.344828	0.346586	0.349106
	0.430515	0.354185	0.337486	0.339117	0.341631
	0.422157	0.347205	0.330207	0.3317	0.334209
	0.413799	0.340247	0.322991	0.324336	0.326837
	0.40544	0.333309	0.315835	0.317021	0.319514
	0.397082	0.326386	0.308737	0.309756	0.312238
	0.388724	0.319475	0.301695	0.302537	0.305007
	0.380365	0.312574	0.294706	0.295365	0.29782
	0.372007	0.305682	0.287769	0.288237	0.290676
	0.363648	0.298796	0.280881	0.281152	0.283572
	0.35529	0.291914	0.274039	0.274109	0.276508
	0.346932	0.285037	0.267241	0.267108	0.269483
	0.338574	0.278162	0.260485	0.260146	0.262494
	0.330215	0.27129	0.253768	0.253223	0.25554
	0.321857	0.264419	0.247087	0.246338	0.248621
	0.313498	0.257549	0.240441	0.23949	0.241736
	0.30514	0.25068	0.233825	0.232678	0.234882
	0.296781	0.243811	0.227239	0.225901	0.22806
	0.288422	0.236943	0.220679	0.219158	0.221267
	0.280063	0.230075	0.214144	0.212448	0.214504
	0.271704	0.223208	0.20763	0.20577	0.207769
	0.263346	0.21634	0.201137	0.199124	0.201062
	0.254987	0.209472	0.194661	0.192508	0.194381
	0.246628	0.202605	0.188201	0.185921	0.187725
	0.238269	0.195737	0.181756	0.179362	0.181095
	0.22991	0.188869	0.175322	0.172831	0.174488
	0.221551	0.182001	0.1689	0.166326	0.167905
	0.213192	0.175134	0.162487	0.159846	0.161345
	0.204833	0.168266	0.156082	0.153391	0.154807
	0.196474	0.161398	0.149684	0.146959	0.14829
	0.188114	0.15453	0.143293	0.140549	0.141794
	0.179755	0.147663	0.136906	0.13416	0.135318
	0.171395	0.140795	0.130524	0.127791	0.128862
	0.163035	0.133927	0.124145	0.121441	0.122425
	0.154676	0.127059	0.117769	0.115109	0.116007
	0.146316	0.120191	0.111396	0.108793	0.109606
	0.137956	0.113323	0.105025	0.102494	0.103223
	0.129597	0.106455	0.0986554	0.0962086	0.0968572
	0.121237	0.0995876	0.0922871	0.0899371	0.0905077
	0.112877	0.0927197	0.0859199	0.0836784	0.0841742
	0.104518	0.0858517	0.0795536	0.0774313	0.0778562
	0.0961585	0.0789836	0.073188	0.071195	0.0715533
	0.0877991	0.0721157	0.0668228	0.0649685	0.0652648
	0.0794396	0.0652478	0.0604581	0.058751	0.0589904
	0.07108	0.0583798	0.0540936	0.0525417	0.0527296
	0.0627202	0.0515118	0.0477294	0.0463398	0.0464818
	0.0543602	0.0446439	0.0413654	0.0401446	0.0402467
	0.0459998	0.0377758	0.0350014	0.0339554	0.0340237
	0.037639	0.0309077	0.0286375	0.0277716	0.0278122
	0.0292774	0.0240396	0.0222737	0.0215926	0.0216122
	0.0209158	0.0171717	0.01591	0.0154177	0.0154211
	0.0125521	0.0103033	0.00954614	0.00924729	0.00924426
	0.00418405	0.00343433	0.00318199	0.00307851	0.00306345
	1.11544	1.0436	1.03642	1.03907	1.04162
	1.0699	0.99806	0.990878	0.993534	0.996078
	1.01154	0.939712	0.93253	0.935187	0.937731
	0.958642	0.886841	0.879659	0.882316	0.88486
	0.915113	0.843339	0.836158	0.838815	0.841358
	0.878939	0.807192	0.800012	0.802668	0.805212
	0.848849	0.777118	0.769938	0.772595	0.775139
	0.824082	0.752343	0.745163	0.74782	0.750364
	0.803535	0.731744	0.724565	0.727221	0.729765
	0.786017	0.714107	0.706927	0.709584	0.712128
	0.770612	0.698489	0.691309	0.693965	0.696509
	0.756728	0.68427	0.677087	0.679744	0.682288
	0.743987	0.671046	0.663861	0.666517	0.669061
	0.732139	0.658555	0.651365	0.654021	0.656565
	0.721012	0.646618	0.639421	0.642077	0.644621
	0.710482	0.635118	0.627911	0.630566	0.63311
	0.70045	0.623973	0.616751	0.619407	0.621951
	0.690836	0.613127	0.605886	0.608541	0.611085
	0.681566	0.60254	0.595272	0.597927	0.600471
	0.672577	0.592183	0.58488	0.587534	0.590078
	0.66381	0.582034	0.574685	0.577338	0.579882
	0.655217	0.572079	0.56467	0.567322	0.569866
	0.646753	0.562305	0.554821	0.557472	0.560016
	0.638381	0.552705	0.545126	0.547776	0.55032
	0.630072	0.543273	0.535576	0.538223	0.540767
	0.621802	0.534001	0.526163	0.528808	0.531352
	0.613553	0.524888	0.51688	0.519521	0.522065
	0.605312	0.515928	0.50772	0.510357	0.512901
	0.59707	0.507119	0.498679	0.501311	0.503855
	0.58882	0.498455	0.489751	0.492377	0.49492
	0.580558	0.489935	0.480932	0.48355	0.486094
	0.572284	0.481551	0.472219	0.474827	0.47737
	0.563997	0.473301	0.463606	0.466202	0.468745
	0.555697	0.465179	0.455091	0.457672	0.460215
	0.547386	0.457178	0.446671	0.449234	0.451776
	0.539065	0.449293	0.438343	0.440883	0.443425
	0.530736	0.441517	0.430103	0.432617	0.435159
	0.5224	0.433843	0.42195	0.424432	0.426973
	0.514058	0.426264	0.413881	0.416326	0.418866
	0.505712	0.418773	0.405894	0.408294	0.410834
	0.497363	0.411363	0.397987	0.400336	0.402874
	0.489011	0.404027	0.390158	0.392447	0.394984
	0.480657	0.396757	0.382405	0.384626	0.387161
	0.472301	0.389547	0.374726	0.37687	0.379402
	0.463945	0.38239	0.36712	0.369176	0.371706
	0.455588	0.37528	0.359585	0.361543	0.36407
	0.447231	0.368211	0.352119	0.353969	0.356492
	0.438873	0.361177	0.344721	0.346452	0.34897
	0.430516	0.354174	0.337387	0.338989	0.341502
	0.422158	0.347197	0.330118	0.33158	0.334086
	0.413799	0.340242	0.32291	0.324222	0.32672
	0.405441	0.333305	0.315762	0.316913	0.319403
	0.397083	0.326383	0.308671	0.309653	0.312132
	0.388724	0.319473	0.301636	0.30244	0.304906
	0.380366	0.312573	0.294654	0.295273	0.297724
	0.372007	0.305681	0.287723	0.28815	0.290584
	0.363649	0.298795	0.28084	0.281069	0.283485
	0.35529	0.291914	0.274003	0.274031	0.276425
	0.346932	0.285037	0.26721	0.267034	0.269403
	0.338574	0.278162	0.260459	0.260077	0.262417
	0.330215	0.27129	0.253745	0.253158	0.255467
	0.321857	0.264419	0.247068	0.246277	0.248552
	0.313498	0.257549	0.240424	0.239433	0.241669
	0.30514	0.25068	0.233812	0.232624	0.234818
	0.296781	0.243811	0.227228	0.225851	0.227999
	0.288422	0.236943	0.22067	0.219111	0.221209
	0.280063	0.230075	0.214137	0.212405	0.214448
	0.271704	0.223208	0.207625	0.20573	0.207716
	0.263345	0.21634	0.201132	0.199087	0.201011
	0.254987	0.209472	0.194658	0.192473	0.194332
	0.246628	0.202605	0.188199	0.185889	0.187679
	0.238269	0.195737	0.181754	0.179333	0.18105
	0.22991	0.188869	0.175321	0.172805	0.174446
	0.221551	0.182001	0.168899	0.166302	0.167865
	0.213192	0.175134	0.162486	0.159825	0.161306
	0.204833	0.168266	0.156082	0.153372	0.15477
	0.196474	0.161398	0.149684	0.146941	0.148255
	0.188114	0.154531	0.143293	0.140533	0.141761
	0.179755	0.147663	0.136906	0.134146	0.135287
	0.171395	0.140795	0.130524	0.127779	0.128832
	0.163035	0.133927	0.124145	0.12143	0.122397
	0.154676	0.127059	0.11777	0.115099	0.11598
	0.146316	0.120191	0.111396	0.108785	0.109581
	0.137956	0.113323	0.105025	0.102487	0.103199
	0.129597	0.106455	0.0986556	0.0962026	0.0968348
	0.121237	0.0995876	0.0922873	0.0899321	0.0904868
	0.112878	0.0927197	0.0859201	0.0836742	0.0841546
	0.104518	0.0858517	0.0795538	0.0774278	0.077838
	0.0961586	0.0789836	0.0731881	0.0711922	0.0715363
	0.0877992	0.0721157	0.0668229	0.0649662	0.0652491
	0.0794397	0.0652477	0.0604582	0.0587493	0.058976
	0.0710801	0.0583798	0.0540937	0.0525404	0.0527164
	0.0627203	0.0515118	0.0477295	0.0463389	0.0464699
	0.0543602	0.0446439	0.0413654	0.040144	0.040236
	0.0459998	0.0377758	0.0350014	0.0339551	0.0340144
	0.0376389	0.0309078	0.0286375	0.0277715	0.0278043
	0.0292773	0.0240396	0.0222737	0.0215928	0.0216058
	0.0209152	0.0171715	0.0159099	0.0154182	0.0154169
	0.0125516	0.0103031	0.00954605	0.00924773	0.00924103
	0.0041836	0.0034343	0.00318198	0.00307912	0.00306297
	1.2445	1.1727	1.16552	1.16818	1.17072
	1.13499	1.0632	1.05602	1.05868	1.06122
	1.03147	0.959712	0.952531	0.955188	0.957732
	0.959016	0.887288	0.880108	0.882764	0.885308
	0.907479	0.835789	0.828609	0.831266	0.83381
	0.868008	0.796353	0.789174	0.79183	0.794374
	0.837487	0.765853	0.758675	0.761332	0.763876
	0.813838	0.742194	0.735016	0.737673	0.740217
	0.794867	0.723158	0.715981	0.718637	0.721181
	0.778856	0.707002	0.699824	0.70248	0.705024
	0.764751	0.692642	0.685462	0.688119	0.690663
	0.751956	0.679453	0.672271	0.674928	0.677472
	0.740117	0.667064	0.659878	0.662535	0.665079
	0.729014	0.655245	0.648053	0.650709	0.653253
	0.718504	0.643849	0.636648	0.639304	0.641848
	0.708482	0.632786	0.625573	0.628229	0.630773
	0.69887	0.621996	0.614767	0.617422	0.619966
	0.689599	0.61144	0.604189	0.606843	0.609387
	0.680609	0.601091	0.59381	0.596464	0.599008
	0.671844	0.590931	0.58361	0.586263	0.588807
	0.663257	0.580946	0.573574	0.576227	0.578771
	0.654804	0.571129	0.563692	0.566343	0.568887
	0.646449	0.561473	0.553953	0.556603	0.559147
	0.638161	0.551973	0.544351	0.546999	0.549544
	0.629914	0.542628	0.53488	0.537526	0.54007
	0.62169	0.533432	0.525534	0.528177	0.530721
	0.613478	0.524386	0.516308	0.518947	0.521491
	0.605262	0.515486	0.507198	0.509833	0.512377
	0.597037	0.50673	0.4982	0.50083	0.503374
	0.588799	0.498114	0.489311	0.491933	0.494477
	0.580546	0.489636	0.480526	0.48314	0.485683
	0.572277	0.481292	0.471842	0.474445	0.476989
	0.563994	0.473077	0.463257	0.465847	0.46839
	0.555696	0.464986	0.454766	0.45734	0.459883
	0.547386	0.457013	0.446369	0.448923	0.451465
	0.539066	0.449154	0.438061	0.440591	0.443133
	0.530737	0.4414	0.42984	0.432343	0.434884
	0.522401	0.433746	0.421704	0.424173	0.426714
	0.51406	0.426184	0.413652	0.416081	0.418621
	0.505713	0.418709	0.40568	0.408063	0.410602
	0.497364	0.411311	0.397788	0.400117	0.402654
	0.489011	0.403986	0.389973	0.39224	0.394776
	0.480657	0.396725	0.382233	0.384429	0.386963
	0.472302	0.389523	0.374567	0.376683	0.379214
	0.463945	0.382372	0.366973	0.368998	0.371527
	0.455589	0.375267	0.359449	0.361374	0.3639
	0.447231	0.368202	0.351994	0.353809	0.35633
	0.438874	0.361172	0.344606	0.346299	0.348815
	0.430516	0.354171	0.337282	0.338844	0.341354
	0.422158	0.347195	0.330022	0.331441	0.333945
	0.4138	0.340241	0.322823	0.32409	0.326585
	0.405441	0.333305	0.315684	0.316788	0.319274
	0.397083	0.326384	0.308601	0.309534	0.312008
	0.388724	0.319474	0.301573	0.302327	0.304788
	0.380366	0.312574	0.294598	0.295165	0.297611
	0.372007	0.305682	0.287673	0.288047	0.290476
	0.363649	0.298796	0.280797	0.280972	0.283381
	0.355291	0.291915	0.273966	0.273939	0.276325
	0.346932	0.285038	0.267178	0.266947	0.269307
	0.338574	0.278163	0.26043	0.259994	0.262326
	0.330215	0.27129	0.253721	0.25308	0.255379
	0.321857	0.264419	0.247048	0.246204	0.248467
	0.313498	0.257549	0.240407	0.239364	0.241588
	0.305139	0.25068	0.233798	0.23256	0.234741
	0.296781	0.243812	0.227216	0.22579	0.227924
	0.288422	0.236943	0.220661	0.219055	0.221138
	0.280063	0.230075	0.214129	0.212352	0.21438
	0.271704	0.223208	0.207619	0.205681	0.20765
	0.263345	0.21634	0.201128	0.199041	0.200948
	0.254986	0.209472	0.194654	0.192432	0.194272
	0.246628	0.202605	0.188196	0.185851	0.187621
	0.238269	0.195737	0.181752	0.179298	0.180995
	0.22991	0.188869	0.17532	0.172772	0.174393
	0.221551	0.182001	0.168898	0.166273	0.167814
	0.213192	0.175134	0.162486	0.159798	0.161258
	0.204833	0.168266	0.156082	0.153348	0.154724
	0.196473	0.161398	0.149685	0.14692	0.148211
	0.188114	0.154531	0.143293	0.140514	0.141719
	0.179755	0.147663	0.136907	0.134129	0.135247
	0.171395	0.140795	0.130525	0.127764	0.128795
	0.163035	0.133927	0.124146	0.121417	0.122361
	0.154676	0.127059	0.11777	0.115088	0.115946
	0.146316	0.120191	0.111397	0.108775	0.109549
	0.137956	0.113323	0.105026	0.102478	0.103169
	0.129597	0.106455	0.0986559	0.096195	0.0968067
	0.121237	0.0995876	0.0922876	0.0899257	0.0904603
	0.112877	0.0927196	0.0859204	0.0836687	0.0841298
	0.104518	0.0858516	0.079554	0.0774233	0.0778148
	0.0961585	0.0789836	0.0731883	0.0711884	0.0715146
	0.0877991	0.0721156	0.0668231	0.0649632	0.065229
	0.0794395	0.0652477	0.0604583	0.0587468	0.0589573
	0.0710799	0.0583798	0.0540938	0.0525384	0.0526992
	0.0627199	0.0515118	0.0477295	0.0463374	0.0464541
	0.0543597	0.0446439	0.0413654	0.0401429	0.0402216
	0.0459991	0.0377758	0.0350014	0.0339543	0.0340013
	0.0376379	0.0309077	0.0286375	0.027771	0.0277927
	0.0292762	0.0240395	0.0222736	0.0215926	0.0215957
	0.0209136	0.0171713	0.0159097	0.0154183	0.0154092
	0.0125497	0.0103028	0.00954584	0.00924787	0.00923438
	0.00418243	0.00343412	0.00318185	0.00307987	0.00306314
	1.46946	1.39769	1.39051	1.39317	1.39571
	1.22498	1.15322	1.14604	1.1487	1.15124
	1.0544	0.982668	0.975487	0.978144	0.980688
	0.957672	0.885965	0.878785	0.881441	0.883985
	0.895746	0.824057	0.816877	0.819534	0.822078
	0.852529	0.780847	0.773668	0.776325	0.778869
	0.822522	0.750826	0.743647	0.746304	0.748848
	0.801227	0.729476	0.722298	0.724954	0.727498
	0.784889	0.71302	0.70584	0.708497	0.711041
	0.77118	0.6991	0.69192	0.694576	0.69712
	0.758908	0.686497	0.679314	0.681971	0.684515
	0.747508	0.674623	0.667437	0.670093	0.672637
	0.736716	0.663199	0.656007	0.658663	0.661207
	0.726404	0.652089	0.644889	0.647545	0.650089
	0.716498	0.641224	0.634014	0.636669	0.639213
	0.706946	0.630567	0.623343	0.625998	0.628542
	0.697701	0.620095	0.612851	0.615506	0.61805
	0.688719	0.609793	0.602522	0.605177	0.607721
	0.679954	0.59965	0.592346	0.594999	0.597543
	0.671366	0.58966	0.582311	0.584964	0.587508
	0.662914	0.579819	0.572413	0.575065	0.577609
	0.654564	0.570124	0.562646	0.565296	0.567841
	0.646286	0.560574	0.553005	0.555654	0.558198
	0.638056	0.551167	0.543486	0.546133	0.548677
	0.629853	0.541903	0.534087	0.536731	0.539275
	0.621661	0.532781	0.524803	0.527444	0.529988
	0.613463	0.523801	0.515632	0.518269	0.520813
	0.605259	0.51496	0.50657	0.509203	0.511747
	0.59704	0.506259	0.497615	0.500242	0.502786
	0.588806	0.497694	0.488764	0.491383	0.493927
	0.580555	0.489262	0.480014	0.482624	0.485167
	0.572286	0.48096	0.471362	0.47396	0.476503
	0.564002	0.472784	0.462805	0.465389	0.467932
	0.555704	0.464729	0.454342	0.456908	0.459451
	0.547393	0.456789	0.445968	0.448514	0.451057
	0.539072	0.448958	0.437684	0.440204	0.442746
	0.530742	0.441231	0.429485	0.431975	0.434516
	0.522405	0.433601	0.421369	0.423825	0.426365
	0.514062	0.426061	0.413336	0.415749	0.418289
	0.505715	0.418605	0.405383	0.407747	0.410286
	0.497365	0.411224	0.397508	0.399816	0.402353
	0.489012	0.403913	0.38971	0.391952	0.394488
	0.480658	0.396666	0.381986	0.384155	0.386688
	0.472302	0.389474	0.374336	0.376421	0.378952
	0.463946	0.382333	0.366756	0.368749	0.371276
	0.455589	0.375235	0.359247	0.361136	0.36366
	0.447232	0.368177	0.351806	0.35358	0.3561
	0.438874	0.361152	0.344431	0.34608	0.348595
	0.430516	0.354156	0.33712	0.338635	0.341143
	0.422158	0.347184	0.329872	0.331241	0.333743
	0.4138	0.340233	0.322685	0.323898	0.326391
	0.405441	0.333299	0.315557	0.316605	0.319087
	0.397083	0.326379	0.308485	0.309359	0.31183
	0.388724	0.319471	0.301467	0.30216	0.304616
	0.380366	0.312572	0.294502	0.295005	0.297446
	0.372007	0.305681	0.287586	0.287895	0.290318
	0.363649	0.298795	0.280718	0.280827	0.283229
	0.355291	0.291915	0.273895	0.273801	0.276179
	0.346932	0.285037	0.267115	0.266815	0.269167
	0.338574	0.278163	0.260374	0.259869	0.262191
	0.330215	0.27129	0.253672	0.252961	0.25525
	0.321857	0.264419	0.247004	0.246091	0.248342
	0.313498	0.257549	0.240369	0.239257	0.241468
	0.305139	0.25068	0.233764	0.232459	0.234625
	0.296781	0.243812	0.227187	0.225695	0.227813
	0.288422	0.236943	0.220636	0.218965	0.221031
	0.280063	0.230075	0.214108	0.212267	0.214278
	0.271704	0.223208	0.2076	0.205602	0.207552
	0.263345	0.21634	0.201112	0.198967	0.200853
	0.254986	0.209472	0.194641	0.192362	0.194181
	0.246627	0.202605	0.188185	0.185786	0.187534
	0.238269	0.195737	0.181743	0.179238	0.180911
	0.22991	0.188869	0.175312	0.172717	0.174313
	0.221551	0.182001	0.168892	0.166221	0.167737
	0.213192	0.175134	0.162481	0.159751	0.161185
	0.204833	0.168266	0.156078	0.153304	0.154654
	0.196473	0.161398	0.149681	0.14688	0.148144
	0.188114	0.154531	0.14329	0.140477	0.141655
	0.179755	0.147663	0.136905	0.134095	0.135186
	0.171395	0.140795	0.130523	0.127733	0.128736
	0.163035	0.133927	0.124145	0.121389	0.122305
	0.154676	0.127059	0.117769	0.115063	0.115893
	0.146316	0.120191	0.111396	0.108753	0.109498
	0.137956	0.113323	0.105025	0.102458	0.103121
	0.129597	0.106455	0.0986555	0.0961772	0.096761
	0.121237	0.0995875	0.0922873	0.0899099	0.0904171
	0.112877	0.0927196	0.0859202	0.0836548	0.084089
	0.104518	0.0858516	0.0795538	0.077411	0.0777762
	0.0961584	0.0789836	0.0731882	0.0711776	0.0714783
	0.0877988	0.0721156	0.066823	0.0649537	0.0651948
	0.0794392	0.0652477	0.0604582	0.0587386	0.0589252
	0.0710794	0.0583798	0.0540937	0.0525313	0.0526691
	0.0627193	0.0515118	0.0477294	0.0463313	0.0464259
	0.0543588	0.0446438	0.0413653	0.0401376	0.0401953
	0.0459979	0.0377757	0.0350013	0.0339499	0.0339768
	0.0376364	0.0309075	0.0286374	0.0277673	0.0277701
	0.0292741	0.0240393	0.0222735	0.0215894	0.0215747
	0.0209107	0.0171708	0.0159095	0.0154158	0.0153904
	0.0125457	0.0103021	0.0095455	0.00924585	0.00921743
	0.00417983	0.0034337	0.00318164	0.00307943	0.00305745
