	0.867482	0.86748	0.86748	0.86748	0.86748
	0.783098	0.783071	0.78307	0.78307	0.78307
	0.662834	0.662746	0.662745	0.662745	0.662745
	0.538335	0.538154	0.538151	0.538151	0.538151
	0.443761	0.443461	0.443456	0.443456	0.443456
	0.378595	0.378152	0.378145	0.378145	0.378145
	0.333311	0.332697	0.332688	0.332688	0.332688
	0.301362	0.300541	0.300529	0.300529	0.300529
	0.27863	0.277549	0.277533	0.277533	0.277533
	0.262152	0.260736	0.260716	0.260715	0.260715
	0.249865	0.248011	0.247986	0.247986	0.247986
	0.240444	0.238026	0.237995	0.237994	0.237994
	0.233076	0.229943	0.229905	0.229904	0.229904
	0.227253	0.22324	0.223193	0.223192	0.223192
	0.222639	0.217574	0.217516	0.217515	0.217515
	0.218997	0.212714	0.212643	0.212642	0.212642
	0.216149	0.208492	0.208405	0.208404	0.208404
	0.21395	0.204785	0.204681	0.204679	0.204678
	0.21228	0.201502	0.201374	0.201372	0.201372
	0.211038	0.19857	0.198414	0.198411	0.198411
	0.210136	0.195933	0.195742	0.195738	0.195738
	0.209502	0.193548	0.193313	0.193309	0.193309
	0.209075	0.19138	0.191092	0.191087	0.191087
	0.208803	0.189404	0.189049	0.189043	0.189043
	0.208645	0.187596	0.18716	0.187153	0.187153
	0.208569	0.185942	0.185406	0.185398	0.185397
	0.208548	0.184425	0.183771	0.183761	0.183761
	0.208562	0.183037	0.182243	0.182231	0.182231
	0.208597	0.181766	0.180809	0.180795	0.180795
	0.208643	0.180606	0.179461	0.179444	0.179444
	0.208692	0.179549	0.178191	0.178171	0.178171
	0.208741	0.178589	0.176992	0.176968	0.176967
	0.208786	0.17772	0.175858	0.175829	0.175828
	0.208825	0.176936	0.174785	0.174749	0.174749
	0.208859	0.176232	0.173767	0.173724	0.173723
	0.208887	0.175603	0.172802	0.17275	0.172749
	0.20891	0.175044	0.171886	0.171822	0.171821
	0.208928	0.174548	0.171017	0.170938	0.170937
	0.208942	0.174112	0.170191	0.170095	0.170094
	0.208953	0.173731	0.169407	0.169291	0.169289
	0.208961	0.173399	0.168664	0.168522	0.16852
	0.208967	0.173112	0.167958	0.167788	0.167785
	0.208971	0.172866	0.167289	0.167085	0.167082
	0.208974	0.172656	0.166656	0.166412	0.166409
	0.208976	0.172477	0.166057	0.165768	0.165764
	0.208978	0.172328	0.165492	0.165151	0.165146
	0.208979	0.172203	0.164959	0.164559	0.164553
	0.208979	0.172099	0.164457	0.163992	0.163985
	0.20898	0.172014	0.163986	0.163448	0.163439
	0.20898	0.171945	0.163544	0.162926	0.162916
	0.20898	0.17189	0.163131	0.162426	0.162413
	0.20898	0.171845	0.162746	0.161945	0.161929
	0.20898	0.17181	0.162387	0.161485	0.161465
	0.20898	0.171782	0.162055	0.161043	0.161018
	0.20898	0.171761	0.161747	0.160619	0.160589
	0.20898	0.171745	0.161464	0.160212	0.160176
	0.20898	0.171732	0.161203	0.159823	0.159779
	0.20898	0.171723	0.160964	0.15945	0.159397
	0.20898	0.171716	0.160747	0.159093	0.159029
	0.20898	0.171711	0.160548	0.158751	0.158675
	0.20898	0.171708	0.160369	0.158424	0.158335
	0.208979	0.171705	0.160207	0.158112	0.158007
	0.208979	0.171703	0.160062	0.157814	0.157691
	0.208979	0.171702	0.159932	0.15753	0.157387
	0.208979	0.171702	0.159816	0.15726	0.157094
	0.208979	0.171701	0.159713	0.157003	0.156813
	0.208979	0.171701	0.159623	0.156759	0.156541
	0.208979	0.171701	0.159543	0.156528	0.15628
	0.208979	0.171701	0.159474	0.156309	0.156029
	0.208979	0.171701	0.159413	0.156103	0.155787
	0.208979	0.171701	0.159361	0.155908	0.155554
	0.208979	0.171701	0.159316	0.155725	0.15533
	0.208979	0.171701	0.159277	0.155553	0.155114
	0.208979	0.171701	0.159245	0.155392	0.154907
	0.208979	0.171701	0.159217	0.155241	0.154708
	0.208979	0.171701	0.159194	0.155101	0.154516
	0.208979	0.171701	0.159174	0.15497	0.154333
	0.208979	0.171701	0.159158	0.154849	0.154156
	0.208979	0.171701	0.159144	0.154737	0.153987
	0.20898	0.171701	0.159133	0.154634	0.153825
	0.20898	0.171701	0.159124	0.154539	0.15367
	0.20898	0.171701	0.159117	0.154451	0.153521
	0.20898	0.171701	0.159111	0.154372	0.153379
	0.20898	0.171701	0.159106	0.154299	0.153243
	0.20898	0.171701	0.159103	0.154233	0.153114
	0.20898	0.171701	0.1591	0.154174	0.152991
	0.20898	0.171701	0.159097	0.15412	0.152873
	0.20898	0.171701	0.159095	0.154071	0.152762
	0.20898	0.171701	0.159094	0.154028	0.152656
	0.20898	0.171701	0.159093	0.153989	0.152555
	0.208979	0.171701	0.159092	0.153955	0.15246
	0.208979	0.171701	0.159091	0.153924	0.15237
	0.208978	0.171701	0.159091	0.153897	0.152284
	0.208977	0.171701	0.15909	0.153873	0.152204
	0.208977	0.171701	0.15909	0.153852	0.152128
	0.208976	0.171701	0.15909	0.153834	0.152057
	0.208975	0.171701	0.15909	0.153818	0.151989
	0.208973	0.171701	0.15909	0.153804	0.151924
	0.208969	0.1717	0.159089	0.153792	0.151861
	0.208962	0.1717	0.15909	0.153779	0.151785
	1.00366	1.00366	1.00366	1.00366	1.00366
	1.04817	1.04815	1.04815	1.04815	1.04815
	1.05113	1.05106	1.05106	1.05106	1.05106
	1.01215	1.01197	1.01197	1.01197	1.01197
	0.955441	0.955082	0.955077	0.955077	0.955077
	0.896387	0.895749	0.89574	0.895739	0.895739
	0.840702	0.839664	0.839649	0.839648	0.839648
	0.790811	0.789226	0.789203	0.789203	0.789203
	0.747894	0.745583	0.745551	0.745551	0.745551
	0.712023	0.708766	0.708722	0.708721	0.708721
	0.682512	0.678044	0.677984	0.677983	0.677983
	0.658406	0.652421	0.652342	0.65234	0.65234
	0.638787	0.630939	0.630837	0.630835	0.630835
	0.622868	0.612786	0.612654	0.612651	0.612651
	0.610002	0.597304	0.597134	0.597131	0.597131
	0.599662	0.583973	0.583758	0.583754	0.583754
	0.591415	0.572388	0.572117	0.572112	0.572112
	0.584902	0.562235	0.561895	0.561888	0.561888
	0.57982	0.553267	0.552841	0.552834	0.552833
	0.575912	0.545291	0.54476	0.544751	0.54475
	0.572955	0.538153	0.537495	0.537483	0.537483
	0.570762	0.531734	0.53092	0.530905	0.530905
	0.569172	0.525936	0.524934	0.524916	0.524915
	0.568051	0.520682	0.519454	0.519432	0.519431
	0.567288	0.51591	0.514413	0.514385	0.514385
	0.566791	0.511568	0.509754	0.509721	0.509721
	0.56649	0.507616	0.505433	0.505393	0.505392
	0.566327	0.50402	0.501411	0.501361	0.501361
	0.566257	0.50075	0.497655	0.497595	0.497594
	0.566249	0.497781	0.494138	0.494065	0.494064
	0.566277	0.495092	0.490837	0.490749	0.490747
	0.566326	0.492663	0.487733	0.487626	0.487624
	0.566382	0.490475	0.484809	0.484679	0.484677
	0.56644	0.488513	0.482051	0.481894	0.481891
	0.566494	0.48676	0.479446	0.479256	0.479252
	0.566542	0.4852	0.476983	0.476754	0.47675
	0.566584	0.483819	0.474654	0.474379	0.474373
	0.566618	0.482603	0.47245	0.47212	0.472114
	0.566645	0.481538	0.470365	0.46997	0.469963
	0.566667	0.48061	0.468392	0.467922	0.467913
	0.566684	0.479806	0.466526	0.465969	0.465958
	0.566697	0.479115	0.464762	0.464105	0.464092
	0.566706	0.478524	0.463096	0.462325	0.462309
	0.566713	0.478022	0.461524	0.460624	0.460605
	0.566718	0.477599	0.460042	0.458997	0.458975
	0.566722	0.477245	0.458649	0.457442	0.457414
	0.566724	0.476951	0.45734	0.455953	0.45592
	0.566726	0.476708	0.456112	0.454527	0.454488
	0.566727	0.476511	0.454963	0.453162	0.453115
	0.566728	0.47635	0.453891	0.451855	0.451798
	0.566728	0.476222	0.452891	0.450603	0.450535
	0.566728	0.476119	0.451963	0.449404	0.449322
	0.566728	0.476039	0.451103	0.448255	0.448158
	0.566728	0.475976	0.450308	0.447155	0.44704
	0.566728	0.475928	0.449576	0.446102	0.445966
	0.566728	0.475891	0.448903	0.445094	0.444934
	0.566728	0.475863	0.448288	0.444131	0.443941
	0.566728	0.475842	0.447727	0.443209	0.442988
	0.566728	0.475827	0.447216	0.442328	0.442071
	0.566728	0.475816	0.446754	0.441488	0.441189
	0.566728	0.475808	0.446338	0.440686	0.440341
	0.566728	0.475803	0.445964	0.439922	0.439525
	0.566727	0.475799	0.445629	0.439195	0.43874
	0.566727	0.475797	0.445331	0.438503	0.437985
	0.566727	0.475795	0.445066	0.437847	0.437259
	0.566727	0.475794	0.444833	0.437224	0.43656
	0.566727	0.475793	0.444628	0.436635	0.435888
	0.566727	0.475793	0.444449	0.436078	0.435242
	0.566727	0.475793	0.444293	0.435553	0.434621
	0.566727	0.475793	0.444158	0.435058	0.434023
	0.566727	0.475793	0.444041	0.434592	0.433449
	0.566727	0.475793	0.443942	0.434156	0.432897
	0.566727	0.475793	0.443857	0.433748	0.432366
	0.566727	0.475793	0.443785	0.433366	0.431857
	0.566727	0.475793	0.443724	0.433011	0.431368
	0.566727	0.475793	0.443673	0.43268	0.430899
	0.566727	0.475793	0.443631	0.432374	0.43045
	0.566728	0.475793	0.443596	0.432091	0.430019
	0.566728	0.475793	0.443567	0.43183	0.429606
	0.566728	0.475793	0.443543	0.43159	0.429211
	0.566728	0.475793	0.443524	0.43137	0.428834
	0.566728	0.475793	0.443508	0.431169	0.428473
	0.566729	0.475793	0.443496	0.430986	0.428129
	0.566729	0.475793	0.443486	0.43082	0.427801
	0.566729	0.475793	0.443478	0.430669	0.427489
	0.566729	0.475793	0.443472	0.430533	0.427192
	0.566729	0.475793	0.443467	0.430411	0.42691
	0.566729	0.475793	0.443463	0.430302	0.426642
	0.566728	0.475793	0.44346	0.430204	0.426389
	0.566727	0.475793	0.443458	0.430117	0.426149
	0.566726	0.475793	0.443456	0.43004	0.425923
	0.566725	0.475793	0.443455	0.429972	0.425709
	0.566724	0.475793	0.443454	0.429912	0.425507
	0.566722	0.475793	0.443453	0.429859	0.425318
	0.56672	0.475793	0.443452	0.429813	0.42514
	0.566717	0.475793	0.443452	0.429773	0.424972
	0.566714	0.475793	0.443451	0.429738	0.424816
	0.566708	0.475793	0.443451	0.429708	0.424667
	0.566704	0.475793	0.443451	0.429682	0.424535
	0.566686	0.475792	0.44345	0.429655	0.42437
	1.00516	1.00516	1.00516	1.00516	1.00516
	1.05134	1.05133	1.05133	1.05133	1.05133
	1.09452	1.09449	1.09449	1.09449	1.09449
	1.11681	1.11673	1.11673	1.11673	1.11673
	1.1191	1.11893	1.11892	1.11892	1.11892
	1.1078	1.10745	1.10744	1.10744	1.10744
	1.08786	1.08722	1.08721	1.08721	1.08721
	1.06288	1.06183	1.06182	1.06182	1.06182
	1.03583	1.03419	1.03417	1.03417	1.03417
	1.00892	1.00648	1.00644	1.00644	1.00644
	0.98353	0.98003	0.979977	0.979976	0.979976
	0.960382	0.955522	0.955447	0.955446	0.955446
	0.939769	0.933205	0.933103	0.933101	0.933101
	0.921739	0.913088	0.912952	0.912949	0.912949
	0.906199	0.895048	0.894867	0.894864	0.894864
	0.892976	0.878901	0.878664	0.87866	0.87866
	0.881863	0.864443	0.864136	0.86413	0.86413
	0.872638	0.851474	0.851079	0.851072	0.851072
	0.865076	0.839812	0.839309	0.8393	0.839299
	0.858961	0.829295	0.828658	0.828646	0.828646
	0.854086	0.819782	0.818982	0.818967	0.818967
	0.850259	0.811154	0.810155	0.810137	0.810136
	0.847304	0.803308	0.802071	0.802048	0.802047
	0.845063	0.79616	0.794638	0.794609	0.794608
	0.843398	0.789638	0.787777	0.787741	0.787741
	0.842187	0.78368	0.781424	0.781379	0.781378
	0.84133	0.778238	0.775521	0.775466	0.775465
	0.840742	0.773266	0.770021	0.769953	0.769951
	0.840354	0.76873	0.764882	0.764798	0.764797
	0.840112	0.764596	0.760069	0.759967	0.759965
	0.839972	0.760837	0.755552	0.755427	0.755425
	0.839902	0.757427	0.751305	0.751153	0.75115
	0.839878	0.754343	0.747306	0.747121	0.747118
	0.839882	0.751563	0.743535	0.743311	0.743306
	0.839902	0.749067	0.739975	0.739704	0.739699
	0.839929	0.746836	0.736611	0.736285	0.736279
	0.839959	0.74485	0.733431	0.73304	0.733032
	0.839987	0.743091	0.730424	0.729956	0.729947
	0.840013	0.741542	0.72758	0.727022	0.727011
	0.840035	0.740185	0.724889	0.724229	0.724215
	0.840053	0.739003	0.722346	0.721566	0.721549
	0.840067	0.737981	0.719942	0.719027	0.719006
	0.840079	0.737101	0.717673	0.716603	0.716578
	0.840088	0.73635	0.715532	0.714288	0.714258
	0.840095	0.735714	0.713514	0.712076	0.71204
	0.8401	0.735178	0.711616	0.70996	0.709917
	0.840103	0.73473	0.709833	0.707937	0.707886
	0.840106	0.734359	0.70816	0.706002	0.70594
	0.840107	0.734054	0.706595	0.70415	0.704076
	0.840109	0.733805	0.705133	0.702377	0.702289
	0.84011	0.733604	0.703771	0.70068	0.700575
	0.84011	0.733443	0.702504	0.699056	0.698931
	0.84011	0.733316	0.70133	0.697501	0.697353
	0.840111	0.733216	0.700244	0.696013	0.695839
	0.840111	0.733138	0.699243	0.694589	0.694384
	0.840111	0.733078	0.698323	0.693228	0.692988
	0.840111	0.733033	0.697481	0.691926	0.691646
	0.84011	0.732999	0.696712	0.690682	0.690357
	0.84011	0.732973	0.696012	0.689495	0.689117
	0.84011	0.732955	0.695378	0.688361	0.687927
	0.84011	0.732942	0.694806	0.687281	0.686782
	0.84011	0.732932	0.694291	0.686252	0.685681
	0.84011	0.732926	0.693831	0.685273	0.684623
	0.84011	0.732921	0.69342	0.684342	0.683605
	0.84011	0.732918	0.693055	0.683459	0.682627
	0.84011	0.732916	0.692732	0.682622	0.681687
	0.840109	0.732915	0.692449	0.68183	0.680782
	0.840109	0.732915	0.692201	0.681081	0.679913
	0.840109	0.732914	0.691985	0.680375	0.679078
	0.840109	0.732914	0.691797	0.67971	0.678275
	0.840109	0.732914	0.691636	0.679086	0.677503
	0.840109	0.732914	0.691497	0.6785	0.676762
	0.840109	0.732914	0.691379	0.677951	0.676051
	0.840109	0.732914	0.691278	0.677439	0.675368
	0.840109	0.732914	0.691193	0.676962	0.674712
	0.84011	0.732914	0.691122	0.676518	0.674084
	0.84011	0.732915	0.691063	0.676107	0.673482
	0.84011	0.732915	0.691014	0.675727	0.672905
	0.84011	0.732915	0.690973	0.675376	0.672353
	0.84011	0.732915	0.69094	0.675054	0.671825
	0.840111	0.732915	0.690913	0.674758	0.671321
	0.840111	0.732915	0.690891	0.674488	0.670839
	0.840111	0.732915	0.690873	0.674242	0.670379
	0.840111	0.732915	0.690859	0.674018	0.669941
	0.840111	0.732915	0.690847	0.673815	0.669524
	0.840111	0.732915	0.690839	0.673632	0.669128
	0.840111	0.732915	0.690832	0.673467	0.668752
	0.840111	0.732915	0.690826	0.67332	0.668395
	0.840111	0.732915	0.690822	0.673188	0.668057
	0.84011	0.732915	0.690819	0.67307	0.667737
	0.840109	0.732915	0.690816	0.672966	0.667436
	0.840108	0.732915	0.690814	0.672874	0.667151
	0.840107	0.732915	0.690813	0.672793	0.666883
	0.840105	0.732915	0.690812	0.672722	0.666631
	0.840103	0.732915	0.690811	0.67266	0.666394
	0.8401	0.732915	0.69081	0.672606	0.666172
	0.840096	0.732914	0.69081	0.672559	0.665966
	0.840092	0.732915	0.69081	0.672517	0.665766
	0.840086	0.732914	0.690809	0.672484	0.665603
	0.840074	0.732914	0.690809	0.672445	0.665376
	1.00206	1.00206	1.00206	1.00206	1.00206
	1.02895	1.02895	1.02895	1.02895	1.02895
	1.06714	1.06714	1.06714	1.06714	1.06714
	1.1032	1.1032	1.1032	1.1032	1.1032
	1.13015	1.13014	1.13013	1.13013	1.13013
	1.14728	1.14723	1.14723	1.14723	1.14723
	1.15585	1.15572	1.15572	1.15572	1.15572
	1.15739	1.15714	1.15714	1.15714	1.15714
	1.1536	1.15316	1.15315	1.15315	1.15315
	1.14615	1.14544	1.14542	1.14542	1.14542
	1.13644	1.13534	1.13531	1.13531	1.13531
	1.12553	1.12391	1.12387	1.12387	1.12387
	1.11418	1.11187	1.11182	1.11182	1.11182
	1.10293	1.09974	1.09966	1.09966	1.09966
	1.09217	1.08784	1.08773	1.08773	1.08773
	1.08214	1.07638	1.07623	1.07623	1.07623
	1.073	1.06549	1.06528	1.06528	1.06528
	1.06483	1.05521	1.05494	1.05494	1.05494
	1.05766	1.04558	1.04522	1.04522	1.04522
	1.05147	1.03658	1.03612	1.03611	1.03611
	1.04622	1.02819	1.0276	1.02759	1.02759
	1.04184	1.02038	1.01964	1.01963	1.01963
	1.03825	1.01313	1.0122	1.01218	1.01218
	1.03535	1.00639	1.00523	1.00521	1.00521
	1.03306	1.00014	0.998712	0.998682	0.998681
	1.03127	0.994341	0.992596	0.992559	0.992558
	1.0299	0.988967	0.986855	0.986808	0.986807
	1.02888	0.983994	0.981457	0.981398	0.981397
	1.02813	0.979398	0.976374	0.976302	0.976301
	1.02759	0.975158	0.971584	0.971494	0.971493
	1.02721	0.971255	0.967062	0.966952	0.96695
	1.02696	0.967671	0.96279	0.962655	0.962652
	1.0268	0.964391	0.958749	0.958584	0.958581
	1.02669	0.961398	0.954925	0.954723	0.95472
	1.02663	0.958678	0.951302	0.951058	0.951053
	1.0266	0.956216	0.947869	0.947574	0.947568
	1.02659	0.953998	0.944614	0.94426	0.944253
	1.02659	0.952008	0.941528	0.941104	0.941095
	1.0266	0.950234	0.938601	0.938097	0.938086
	1.02661	0.948659	0.935827	0.935229	0.935215
	1.02662	0.947271	0.933198	0.932491	0.932475
	1.02663	0.946054	0.930707	0.929878	0.929858
	1.02664	0.944994	0.928349	0.92738	0.927356
	1.02665	0.944077	0.92612	0.924993	0.924964
	1.02665	0.94329	0.924014	0.92271	0.922675
	1.02666	0.942618	0.922027	0.920526	0.920484
	1.02666	0.94205	0.920155	0.918437	0.918386
	1.02666	0.941574	0.918395	0.916436	0.916375
	1.02666	0.941177	0.916742	0.914521	0.914448
	1.02667	0.940849	0.915194	0.912687	0.9126
	1.02667	0.940581	0.913746	0.910931	0.910828
	1.02667	0.940363	0.912396	0.90925	0.909127
	1.02667	0.940188	0.911139	0.90764	0.907495
	1.02667	0.940048	0.909973	0.906099	0.905929
	1.02667	0.939938	0.908895	0.904624	0.904424
	1.02667	0.939853	0.907899	0.903213	0.90298
	1.02667	0.939786	0.906984	0.901863	0.901592
	1.02667	0.939736	0.906145	0.900573	0.900259
	1.02667	0.939697	0.905378	0.899341	0.898977
	1.02667	0.939669	0.90468	0.898164	0.897746
	1.02667	0.939648	0.904048	0.897042	0.896563
	1.02667	0.939633	0.903476	0.895973	0.895425
	1.02667	0.939622	0.902962	0.894954	0.894332
	1.02667	0.939614	0.902502	0.893986	0.893281
	1.02667	0.939609	0.902091	0.893065	0.892271
	1.02667	0.939605	0.901726	0.892192	0.8913
	1.02667	0.939603	0.901404	0.891365	0.890366
	1.02667	0.939601	0.90112	0.890583	0.889469
	1.02667	0.939601	0.900872	0.889844	0.888607
	1.02667	0.9396	0.900655	0.889147	0.887778
	1.02667	0.9396	0.900468	0.888491	0.886982
	1.02667	0.9396	0.900306	0.887875	0.886218
	1.02667	0.9396	0.900167	0.887298	0.885484
	1.02667	0.9396	0.900049	0.886757	0.88478
	1.02667	0.9396	0.899949	0.886253	0.884104
	1.02667	0.9396	0.899864	0.885783	0.883456
	1.02667	0.9396	0.899793	0.885347	0.882835
	1.02667	0.9396	0.899734	0.884942	0.88224
	1.02667	0.9396	0.899684	0.884568	0.88167
	1.02667	0.9396	0.899644	0.884224	0.881125
	1.02667	0.9396	0.899611	0.883907	0.880604
	1.02667	0.9396	0.899584	0.883617	0.880107
	1.02667	0.9396	0.899562	0.883351	0.879632
	1.02667	0.9396	0.899544	0.88311	0.879179
	1.02667	0.9396	0.89953	0.88289	0.878748
	1.02667	0.9396	0.899519	0.882691	0.878338
	1.02667	0.9396	0.89951	0.882512	0.877948
	1.02667	0.9396	0.899503	0.88235	0.877578
	1.02667	0.9396	0.899498	0.882206	0.877227
	1.02667	0.9396	0.899494	0.882077	0.876895
	1.02667	0.9396	0.89949	0.881962	0.876582
	1.02667	0.9396	0.899488	0.88186	0.876285
	1.02667	0.9396	0.899486	0.88177	0.876006
	1.02667	0.9396	0.899485	0.881691	0.875743
	1.02667	0.9396	0.899484	0.881621	0.875497
	1.02666	0.9396	0.899483	0.88156	0.875264
	1.02666	0.9396	0.899482	0.881508	0.87505
	1.02666	0.939601	0.899482	0.88146	0.874837
	1.02665	0.9396	0.899481	0.881424	0.874675
	1.02665	0.9396	0.899481	0.881378	0.874426
	1.00105	1.00105	1.00105	1.00105	1.00105
	1.01614	1.01615	1.01615	1.01615	1.01615
	1.04217	1.04219	1.04219	1.04219	1.04219
	1.07281	1.07286	1.07286	1.07286	1.07286
	1.10198	1.10206	1.10206	1.10206	1.10206
	1.12702	1.12716	1.12716	1.12716	1.12716
	1.14732	1.14752	1.14753	1.14753	1.14753
	1.16286	1.16316	1.16316	1.16316	1.16316
	1.17398	1.17441	1.17441	1.17441	1.17441
	1.18127	1.18187	1.18187	1.18187	1.18187
	1.18543	1.18623	1.18623	1.18623	1.18623
	1.18708	1.18815	1.18815	1.18815	1.18815
	1.18679	1.18818	1.18817	1.18817	1.18817
	1.18504	1.18678	1.18677	1.18677	1.18677
	1.18226	1.18435	1.18433	1.18433	1.18433
	1.17877	1.18117	1.18114	1.18114	1.18114
	1.17489	1.17749	1.17744	1.17744	1.17744
	1.17083	1.17348	1.1734	1.1734	1.1734
	1.16679	1.16928	1.16917	1.16917	1.16917
	1.16293	1.165	1.16485	1.16485	1.16485
	1.15933	1.16071	1.16051	1.16051	1.16051
	1.15608	1.15648	1.15621	1.1562	1.1562
	1.15321	1.15233	1.15198	1.15197	1.15197
	1.15074	1.14831	1.14786	1.14785	1.14785
	1.14864	1.14442	1.14385	1.14384	1.14384
	1.14691	1.14069	1.13998	1.13996	1.13996
	1.1455	1.13712	1.13625	1.13622	1.13622
	1.14437	1.13372	1.13265	1.13262	1.13262
	1.14349	1.13049	1.1292	1.12916	1.12916
	1.14282	1.12744	1.12588	1.12583	1.12583
	1.14231	1.12455	1.1227	1.12264	1.12264
	1.14194	1.12184	1.11966	1.11958	1.11958
	1.14167	1.11931	1.11674	1.11665	1.11665
	1.14147	1.11694	1.11395	1.11384	1.11384
	1.14134	1.11475	1.11128	1.11114	1.11114
	1.14125	1.11272	1.10873	1.10856	1.10856
	1.1412	1.11085	1.10628	1.10608	1.10608
	1.14116	1.10914	1.10395	1.10371	1.1037
	1.14114	1.10758	1.10172	1.10143	1.10143
	1.14113	1.10618	1.0996	1.09925	1.09924
	1.14113	1.10491	1.09757	1.09716	1.09715
	1.14113	1.10378	1.09563	1.09515	1.09514
	1.14113	1.10277	1.09379	1.09323	1.09321
	1.14113	1.10189	1.09204	1.09138	1.09136
	1.14113	1.10112	1.09037	1.08961	1.08959
	1.14114	1.10045	1.08879	1.08791	1.08788
	1.14114	1.09987	1.0873	1.08628	1.08625
	1.14114	1.09937	1.08588	1.08472	1.08468
	1.14114	1.09896	1.08454	1.08322	1.08317
	1.14114	1.0986	1.08328	1.08178	1.08172
	1.14115	1.09831	1.08209	1.0804	1.08033
	1.14115	1.09807	1.08098	1.07908	1.079
	1.14115	1.09787	1.07994	1.07781	1.07771
	1.14115	1.09771	1.07896	1.07659	1.07648
	1.14115	1.09758	1.07805	1.07542	1.07529
	1.14115	1.09748	1.07721	1.07431	1.07416
	1.14115	1.0974	1.07642	1.07324	1.07306
	1.14115	1.09734	1.0757	1.07221	1.07201
	1.14115	1.09729	1.07504	1.07123	1.071
	1.14115	1.09725	1.07443	1.07029	1.07002
	1.14115	1.09722	1.07387	1.0694	1.06909
	1.14115	1.0972	1.07336	1.06854	1.06819
	1.14115	1.09719	1.0729	1.06773	1.06732
	1.14115	1.09718	1.07249	1.06695	1.06649
	1.14115	1.09717	1.07212	1.06621	1.06569
	1.14115	1.09716	1.07178	1.06551	1.06493
	1.14115	1.09716	1.07148	1.06484	1.06419
	1.14115	1.09716	1.07122	1.06421	1.06348
	1.14115	1.09715	1.07099	1.06361	1.0628
	1.14115	1.09715	1.07078	1.06304	1.06214
	1.14115	1.09715	1.0706	1.0625	1.06151
	1.14115	1.09715	1.07045	1.062	1.0609
	1.14115	1.09715	1.07031	1.06152	1.06032
	1.14115	1.09715	1.0702	1.06108	1.05977
	1.14115	1.09715	1.0701	1.06066	1.05923
	1.14115	1.09715	1.07001	1.06027	1.05872
	1.14115	1.09715	1.06994	1.0599	1.05822
	1.14115	1.09715	1.06988	1.05957	1.05775
	1.14115	1.09715	1.06983	1.05925	1.0573
	1.14115	1.09715	1.06979	1.05896	1.05687
	1.14115	1.09715	1.06975	1.05869	1.05645
	1.14115	1.09715	1.06973	1.05844	1.05605
	1.14115	1.09715	1.0697	1.05822	1.05568
	1.14115	1.09715	1.06968	1.05801	1.05531
	1.14115	1.09715	1.06967	1.05782	1.05497
	1.14115	1.09715	1.06966	1.05764	1.05464
	1.14115	1.09715	1.06965	1.05749	1.05433
	1.14115	1.09715	1.06964	1.05734	1.05403
	1.14115	1.09715	1.06963	1.05722	1.05375
	1.14115	1.09715	1.06963	1.0571	1.05348
	1.14115	1.09715	1.06962	1.057	1.05323
	1.14115	1.09715	1.06962	1.05691	1.05299
	1.14115	1.09715	1.06962	1.05683	1.05276
	1.14115	1.09715	1.06962	1.05675	1.05255
	1.14115	1.09715	1.06962	1.05669	1.05235
	1.14115	1.09715	1.06962	1.05663	1.05215
	1.14115	1.09715	1.06961	1.05659	1.05198
	1.14115	1.09715	1.06961	1.05654	1.0518
	1.14115	1.09715	1.06961	1.05651	1.05167
	1.14115	1.09715	1.06961	1.05646	1.05146
	1.0007	1.0007	1.0007	1.0007	1.0007
	1.01013	1.01014	1.01014	1.01014	1.01014
	1.02755	1.02757	1.02758	1.02758	1.02758
	1.0504	1.05047	1.05047	1.05047	1.05047
	1.07489	1.07501	1.07502	1.07502	1.07502
	1.09862	1.09885	1.09885	1.09885	1.09885
	1.12057	1.12093	1.12094	1.12094	1.12094
	1.1402	1.14076	1.14077	1.14077	1.14077
	1.15724	1.15809	1.1581	1.1581	1.1581
	1.17165	1.17289	1.1729	1.1729	1.1729
	1.18355	1.18531	1.18533	1.18533	1.18533
	1.19314	1.1956	1.19562	1.19562	1.19562
	1.20067	1.204	1.20404	1.20404	1.20404
	1.20637	1.21079	1.21083	1.21083	1.21083
	1.21048	1.21618	1.21624	1.21624	1.21624
	1.21326	1.22041	1.22047	1.22047	1.22047
	1.21492	1.22365	1.22373	1.22373	1.22373
	1.21569	1.22608	1.22617	1.22618	1.22618
	1.21578	1.22783	1.22795	1.22795	1.22795
	1.21535	1.22903	1.22916	1.22917	1.22917
	1.21458	1.22976	1.22993	1.22993	1.22993
	1.2136	1.23013	1.23032	1.23033	1.23033
	1.21251	1.2302	1.23042	1.23043	1.23043
	1.21141	1.23002	1.23028	1.23029	1.23029
	1.21035	1.22964	1.22995	1.22995	1.22995
	1.20937	1.22911	1.22946	1.22947	1.22947
	1.2085	1.22845	1.22886	1.22886	1.22886
	1.20775	1.22769	1.22816	1.22817	1.22817
	1.20712	1.22686	1.2274	1.2274	1.2274
	1.20659	1.22597	1.22658	1.22659	1.22659
	1.20617	1.22505	1.22573	1.22573	1.22573
	1.20584	1.2241	1.22485	1.22485	1.22485
	1.20558	1.22314	1.22396	1.22396	1.22396
	1.20539	1.22218	1.22306	1.22306	1.22306
	1.20524	1.22124	1.22216	1.22216	1.22216
	1.20514	1.22031	1.22126	1.22126	1.22126
	1.20506	1.21941	1.22038	1.22037	1.22037
	1.20501	1.21855	1.21951	1.2195	1.2195
	1.20497	1.21773	1.21865	1.21864	1.21864
	1.20495	1.21695	1.21782	1.2178	1.2178
	1.20493	1.21623	1.217	1.21698	1.21698
	1.20492	1.21555	1.2162	1.21618	1.21618
	1.20491	1.21494	1.21543	1.2154	1.21539
	1.20491	1.21437	1.21468	1.21464	1.21463
	1.20491	1.21387	1.21395	1.2139	1.2139
	1.20491	1.21341	1.21325	1.21319	1.21318
	1.20491	1.21301	1.21258	1.2125	1.21249
	1.20491	1.21265	1.21193	1.21183	1.21182
	1.20491	1.21235	1.2113	1.21118	1.21117
	1.20491	1.21208	1.2107	1.21055	1.21054
	1.20491	1.21186	1.21013	1.20995	1.20994
	1.20491	1.21166	1.20958	1.20937	1.20935
	1.20491	1.2115	1.20906	1.2088	1.20878
	1.20491	1.21137	1.20856	1.20826	1.20824
	1.20491	1.21126	1.20809	1.20774	1.20771
	1.20491	1.21117	1.20765	1.20724	1.20721
	1.20491	1.2111	1.20723	1.20675	1.20672
	1.20491	1.21104	1.20684	1.20629	1.20625
	1.20491	1.211	1.20647	1.20584	1.20579
	1.20491	1.21096	1.20613	1.20541	1.20536
	1.20491	1.21094	1.20582	1.205	1.20494
	1.20491	1.21092	1.20552	1.2046	1.20453
	1.20491	1.2109	1.20525	1.20422	1.20414
	1.20491	1.21089	1.205	1.20386	1.20376
	1.20491	1.21088	1.20478	1.20351	1.2034
	1.20491	1.21087	1.20457	1.20318	1.20306
	1.20491	1.21087	1.20439	1.20286	1.20272
	1.20491	1.21087	1.20422	1.20256	1.2024
	1.20491	1.21086	1.20407	1.20227	1.20209
	1.20491	1.21086	1.20393	1.20199	1.20179
	1.20491	1.21086	1.20381	1.20173	1.20151
	1.20491	1.21086	1.20371	1.20148	1.20123
	1.20491	1.21086	1.20362	1.20124	1.20097
	1.20491	1.21086	1.20354	1.20102	1.20071
	1.20491	1.21086	1.20347	1.20081	1.20047
	1.20491	1.21086	1.20341	1.20061	1.20023
	1.20491	1.21086	1.20335	1.20042	1.20001
	1.20491	1.21086	1.20331	1.20024	1.19979
	1.20491	1.21086	1.20327	1.20008	1.19958
	1.20491	1.21086	1.20324	1.19992	1.19938
	1.20491	1.21086	1.20321	1.19978	1.19919
	1.20491	1.21086	1.20319	1.19965	1.19901
	1.20491	1.21086	1.20317	1.19952	1.19883
	1.20491	1.21086	1.20316	1.19941	1.19866
	1.20491	1.21086	1.20315	1.1993	1.1985
	1.20491	1.21086	1.20314	1.1992	1.19835
	1.20491	1.21086	1.20313	1.19911	1.1982
	1.20491	1.21086	1.20312	1.19903	1.19806
	1.20491	1.21086	1.20312	1.19896	1.19792
	1.20491	1.21086	1.20311	1.19889	1.1978
	1.20491	1.21086	1.20311	1.19883	1.19767
	1.20492	1.21086	1.20311	1.19877	1.19756
	1.20492	1.21086	1.2031	1.19872	1.19745
	1.20492	1.21086	1.2031	1.19868	1.19734
	1.20492	1.21086	1.2031	1.19864	1.19724
	1.20492	1.21086	1.2031	1.1986	1.19715
	1.20492	1.21086	1.2031	1.19857	1.19706
	1.20493	1.21086	1.2031	1.19854	1.19697
	1.20492	1.21086	1.2031	1.19852	1.19691
	1.20493	1.21086	1.2031	1.19849	1.1968
	1.00051	1.00051	1.00051	1.00051	1.00051
	1.00709	1.00711	1.00711	1.00711	1.00711
	1.0195	1.01954	1.01954	1.01954	1.01954
	1.03672	1.0368	1.0368	1.0368	1.0368
	1.05645	1.0566	1.0566	1.0566	1.0566
	1.07688	1.07715	1.07716	1.07716	1.07716
	1.09704	1.09747	1.09748	1.09748	1.09748
	1.11633	1.117	1.11701	1.11701	1.11701
	1.13434	1.13535	1.13537	1.13537	1.13537
	1.15084	1.15231	1.15233	1.15233	1.15233
	1.16569	1.16778	1.16781	1.16781	1.16781
	1.17888	1.18177	1.18181	1.18181	1.18181
	1.19042	1.19435	1.1944	1.1944	1.1944
	1.20037	1.2056	1.20568	1.20568	1.20568
	1.20883	1.21565	1.21575	1.21575	1.21575
	1.2159	1.22459	1.22472	1.22472	1.22472
	1.2217	1.23253	1.2327	1.2327	1.2327
	1.22636	1.23959	1.2398	1.2398	1.2398
	1.23002	1.24585	1.24612	1.24612	1.24612
	1.23282	1.25141	1.25174	1.25175	1.25175
	1.2349	1.25634	1.25676	1.25677	1.25677
	1.23638	1.26071	1.26123	1.26124	1.26124
	1.2374	1.26458	1.26523	1.26524	1.26524
	1.23804	1.26802	1.26881	1.26882	1.26882
	1.23841	1.27106	1.27202	1.27204	1.27204
	1.23858	1.27374	1.27491	1.27493	1.27493
	1.23861	1.27611	1.27751	1.27754	1.27754
	1.23856	1.27819	1.27986	1.27989	1.27989
	1.23846	1.28001	1.28198	1.28202	1.28202
	1.23833	1.2816	1.28391	1.28396	1.28396
	1.23819	1.28297	1.28567	1.28572	1.28573
	1.23806	1.28415	1.28726	1.28733	1.28734
	1.23794	1.28516	1.28872	1.28881	1.28881
	1.23784	1.28601	1.29006	1.29016	1.29016
	1.23775	1.28671	1.29128	1.2914	1.2914
	1.23768	1.28729	1.2924	1.29255	1.29255
	1.23762	1.28776	1.29343	1.29361	1.29361
	1.23758	1.28814	1.29438	1.29459	1.29459
	1.23754	1.28842	1.29525	1.2955	1.2955
	1.23752	1.28863	1.29606	1.29635	1.29635
	1.2375	1.28879	1.2968	1.29714	1.29714
	1.23749	1.28889	1.29748	1.29788	1.29788
	1.23748	1.28894	1.2981	1.29857	1.29858
	1.23747	1.28897	1.29867	1.29922	1.29923
	1.23746	1.28897	1.2992	1.29983	1.29984
	1.23746	1.28894	1.29968	1.3004	1.30042
	1.23746	1.28891	1.30012	1.30094	1.30096
	1.23746	1.28887	1.30052	1.30145	1.30147
	1.23746	1.28882	1.30088	1.30193	1.30196
	1.23746	1.28877	1.30121	1.30239	1.30242
	1.23746	1.28871	1.30151	1.30282	1.30286
	1.23746	1.28867	1.30177	1.30323	1.30327
	1.23746	1.28862	1.302	1.30361	1.30367
	1.23746	1.28858	1.30221	1.30398	1.30405
	1.23746	1.28854	1.30239	1.30433	1.3044
	1.23746	1.28851	1.30255	1.30466	1.30475
	1.23746	1.28848	1.30269	1.30497	1.30507
	1.23746	1.28846	1.3028	1.30526	1.30539
	1.23746	1.28844	1.3029	1.30554	1.30569
	1.23746	1.28842	1.30299	1.30581	1.30597
	1.23746	1.28841	1.30305	1.30606	1.30625
	1.23746	1.2884	1.30311	1.30629	1.30651
	1.23746	1.28839	1.30315	1.30651	1.30676
	1.23746	1.28838	1.30319	1.30672	1.30701
	1.23746	1.28838	1.30321	1.30692	1.30724
	1.23746	1.28837	1.30323	1.3071	1.30746
	1.23746	1.28837	1.30324	1.30727	1.30767
	1.23746	1.28837	1.30325	1.30743	1.30788
	1.23746	1.28836	1.30325	1.30758	1.30807
	1.23746	1.28836	1.30325	1.30772	1.30826
	1.23746	1.28836	1.30325	1.30785	1.30844
	1.23746	1.28836	1.30324	1.30796	1.30862
	1.23746	1.28836	1.30323	1.30807	1.30878
	1.23746	1.28836	1.30323	1.30817	1.30894
	1.23746	1.28836	1.30322	1.30826	1.30909
	1.23746	1.28836	1.30321	1.30834	1.30924
	1.23746	1.28836	1.3032	1.30841	1.30938
	1.23746	1.28836	1.30319	1.30848	1.30951
	1.23746	1.28836	1.30319	1.30854	1.30964
	1.23746	1.28836	1.30318	1.30859	1.30976
	1.23746	1.28836	1.30317	1.30864	1.30987
	1.23746	1.28836	1.30317	1.30868	1.30998
	1.23746	1.28836	1.30316	1.30871	1.31009
	1.23746	1.28836	1.30316	1.30874	1.31018
	1.23746	1.28836	1.30315	1.30877	1.31028
	1.23746	1.28836	1.30315	1.30879	1.31036
	1.23746	1.28836	1.30315	1.30881	1.31045
	1.23746	1.28836	1.30315	1.30883	1.31052
	1.23746	1.28836	1.30314	1.30884	1.3106
	1.23746	1.28836	1.30314	1.30885	1.31066
	1.23746	1.28836	1.30314	1.30886	1.31073
	1.23746	1.28836	1.30314	1.30887	1.31079
	1.23746	1.28836	1.30314	1.30887	1.31084
	1.23746	1.28836	1.30314	1.30888	1.31089
	1.23747	1.28836	1.30314	1.30888	1.31094
	1.23747	1.28836	1.30314	1.30888	1.31099
	1.23747	1.28836	1.30314	1.30888	1.31102
	1.23748	1.28836	1.30314	1.30888	1.31107
	1.23747	1.28836	1.30314	1.30888	1.31109
	1.23749	1.28836	1.30313	1.30888	1.31114
	1.0004	1.0004	1.0004	1.0004	1.0004
	1.00545	1.00547	1.00547	1.00547	1.00547
	1.01505	1.01509	1.01509	1.01509	1.01509
	1.02878	1.02887	1.02887	1.02887	1.02887
	1.04517	1.04534	1.04534	1.04534	1.04534
	1.06284	1.06313	1.06314	1.06314	1.06314
	1.0809	1.08137	1.08138	1.08138	1.08138
	1.0988	1.09951	1.09952	1.09952	1.09952
	1.11612	1.11719	1.1172	1.1172	1.1172
	1.13259	1.13412	1.13414	1.13414	1.13414
	1.14803	1.15015	1.15019	1.15019	1.15019
	1.16231	1.16522	1.16526	1.16527	1.16527
	1.17539	1.17928	1.17935	1.17935	1.17935
	1.18725	1.19237	1.19246	1.19247	1.19247
	1.19788	1.20452	1.20464	1.20464	1.20464
	1.20731	1.21578	1.21594	1.21594	1.21594
	1.21558	1.22619	1.2264	1.22641	1.22641
	1.22274	1.23583	1.23611	1.23611	1.23611
	1.22886	1.24475	1.2451	1.24511	1.24511
	1.23401	1.253	1.25345	1.25346	1.25346
	1.23829	1.26064	1.26121	1.26122	1.26122
	1.24179	1.2677	1.26842	1.26843	1.26843
	1.2446	1.27425	1.27514	1.27515	1.27515
	1.24682	1.2803	1.2814	1.28142	1.28143
	1.24854	1.2859	1.28726	1.28728	1.28728
	1.24985	1.29108	1.29273	1.29277	1.29277
	1.25083	1.29586	1.29786	1.2979	1.29791
	1.25154	1.30027	1.30268	1.30273	1.30273
	1.25204	1.30433	1.3072	1.30726	1.30726
	1.25239	1.30805	1.31145	1.31153	1.31153
	1.25262	1.31147	1.31546	1.31555	1.31556
	1.25276	1.31459	1.31923	1.31935	1.31935
	1.25284	1.31743	1.3228	1.32294	1.32294
	1.25289	1.32001	1.32616	1.32634	1.32634
	1.2529	1.32234	1.32934	1.32956	1.32956
	1.2529	1.32443	1.33235	1.33261	1.33261
	1.25289	1.32631	1.3352	1.33551	1.33551
	1.25288	1.32798	1.33789	1.33826	1.33827
	1.25287	1.32945	1.34044	1.34088	1.34089
	1.25285	1.33075	1.34285	1.34337	1.34338
	1.25284	1.33189	1.34513	1.34574	1.34576
	1.25283	1.33288	1.34728	1.34801	1.34802
	1.25282	1.33373	1.34932	1.35017	1.35019
	1.25281	1.33446	1.35124	1.35223	1.35225
	1.2528	1.33509	1.35305	1.3542	1.35423
	1.2528	1.33561	1.35475	1.35608	1.35611
	1.2528	1.33605	1.35636	1.35788	1.35792
	1.25279	1.33641	1.35786	1.3596	1.35965
	1.25279	1.33671	1.35927	1.36124	1.3613
	1.25279	1.33696	1.36058	1.36281	1.36288
	1.25279	1.33716	1.36181	1.36432	1.3644
	1.25279	1.33731	1.36296	1.36576	1.36586
	1.25279	1.33744	1.36402	1.36714	1.36726
	1.25279	1.33754	1.365	1.36845	1.36859
	1.25279	1.33761	1.3659	1.36971	1.36988
	1.25279	1.33767	1.36674	1.37092	1.37112
	1.25279	1.33772	1.3675	1.37207	1.3723
	1.25279	1.33775	1.3682	1.37317	1.37344
	1.25279	1.33777	1.36883	1.37423	1.37453
	1.25279	1.33779	1.36941	1.37523	1.37558
	1.25279	1.3378	1.36993	1.37619	1.37659
	1.25279	1.33781	1.3704	1.3771	1.37756
	1.25279	1.33782	1.37082	1.37796	1.3785
	1.25279	1.33782	1.37119	1.37879	1.37939
	1.25279	1.33782	1.37153	1.37957	1.38025
	1.25279	1.33783	1.37182	1.38031	1.38108
	1.25279	1.33783	1.37208	1.38102	1.38188
	1.25279	1.33783	1.3723	1.38168	1.38264
	1.25279	1.33783	1.3725	1.38231	1.38338
	1.25279	1.33783	1.37267	1.3829	1.38408
	1.25279	1.33783	1.37282	1.38346	1.38476
	1.25279	1.33783	1.37294	1.38398	1.38541
	1.25279	1.33783	1.37305	1.38447	1.38604
	1.25279	1.33783	1.37314	1.38492	1.38664
	1.25279	1.33783	1.37322	1.38535	1.38722
	1.25279	1.33783	1.37328	1.38574	1.38777
	1.25279	1.33783	1.37333	1.38611	1.3883
	1.25279	1.33783	1.37338	1.38645	1.38881
	1.25279	1.33783	1.37341	1.38677	1.38929
	1.25279	1.33783	1.37344	1.38705	1.38976
	1.25279	1.33783	1.37347	1.38732	1.3902
	1.25279	1.33783	1.37349	1.38756	1.39063
	1.25279	1.33783	1.3735	1.38778	1.39103
	1.25279	1.33783	1.37351	1.38798	1.39142
	1.25279	1.33783	1.37352	1.38817	1.39178
	1.25279	1.33783	1.37353	1.38833	1.39213
	1.25279	1.33783	1.37354	1.38848	1.39246
	1.25279	1.33783	1.37354	1.38861	1.39278
	1.25279	1.33783	1.37354	1.38873	1.39308
	1.25279	1.33783	1.37355	1.38884	1.39336
	1.25279	1.33783	1.37355	1.38893	1.39363
	1.25279	1.33783	1.37355	1.38901	1.39388
	1.25279	1.33783	1.37355	1.38909	1.39411
	1.2528	1.33783	1.37355	1.38915	1.39434
	1.2528	1.33783	1.37355	1.38921	1.39454
	1.2528	1.33783	1.37355	1.38926	1.39475
	1.2528	1.33783	1.37355	1.3893	1.39492
	1.25282	1.33783	1.37355	1.38934	1.39512
	1.25281	1.33783	1.37355	1.38936	1.39523
	1.25283	1.33783	1.37355	1.38941	1.39547
	1.00034	1.00034	1.00034	1.00034	1.00034
	1.00458	1.00459	1.00459	1.00459	1.00459
	1.01266	1.0127	1.0127	1.0127	1.0127
	1.02442	1.02451	1.02451	1.02451	1.02451
	1.0388	1.03898	1.03898	1.03898	1.03898
	1.05469	1.055	1.055	1.055	1.055
	1.07128	1.07177	1.07178	1.07178	1.07178
	1.08803	1.08876	1.08878	1.08878	1.08878
	1.10453	1.10561	1.10563	1.10563	1.10563
	1.1205	1.12204	1.12206	1.12207	1.12207
	1.13576	1.13787	1.1379	1.1379	1.1379
	1.15017	1.15299	1.15304	1.15304	1.15304
	1.16365	1.16736	1.16744	1.16744	1.16744
	1.17617	1.18098	1.18107	1.18108	1.18108
	1.18769	1.19384	1.19397	1.19397	1.19397
	1.19821	1.20598	1.20615	1.20615	1.20615
	1.20771	1.21742	1.21765	1.21766	1.21766
	1.21622	1.22821	1.22851	1.22852	1.22852
	1.22374	1.23838	1.23877	1.23878	1.23878
	1.2303	1.24798	1.24847	1.24848	1.24848
	1.23597	1.25702	1.25766	1.25767	1.25767
	1.24079	1.26555	1.26635	1.26637	1.26637
	1.24482	1.2736	1.2746	1.27462	1.27462
	1.24816	1.28118	1.28243	1.28246	1.28246
	1.25087	1.28832	1.28987	1.2899	1.2899
	1.25304	1.29504	1.29694	1.29698	1.29698
	1.25475	1.30137	1.30367	1.30372	1.30372
	1.25607	1.3073	1.31008	1.31015	1.31015
	1.25707	1.31286	1.31619	1.31627	1.31627
	1.25782	1.31807	1.32202	1.32211	1.32211
	1.25836	1.32292	1.32757	1.32769	1.32769
	1.25875	1.32743	1.33288	1.33302	1.33302
	1.25902	1.33162	1.33794	1.33812	1.33812
	1.2592	1.33549	1.34277	1.34299	1.34299
	1.25932	1.33905	1.34739	1.34765	1.34766
	1.25939	1.34232	1.35179	1.35211	1.35212
	1.25944	1.3453	1.356	1.35639	1.35639
	1.25946	1.34802	1.36001	1.36048	1.36049
	1.25947	1.35047	1.36384	1.3644	1.36441
	1.25947	1.35267	1.36749	1.36816	1.36818
	1.25946	1.35464	1.37097	1.37176	1.37178
	1.25946	1.35639	1.37429	1.37522	1.37524
	1.25945	1.35793	1.37744	1.37853	1.37856
	1.25944	1.35929	1.38044	1.38171	1.38175
	1.25944	1.36047	1.38328	1.38476	1.3848
	1.25943	1.36149	1.38597	1.38769	1.38774
	1.25943	1.36236	1.38852	1.3905	1.39056
	1.25943	1.36311	1.39093	1.3932	1.39326
	1.25942	1.36374	1.39321	1.39578	1.39586
	1.25942	1.36427	1.39534	1.39826	1.39836
	1.25942	1.36471	1.39735	1.40065	1.40076
	1.25942	1.36507	1.39923	1.40293	1.40307
	1.25942	1.36536	1.40099	1.40512	1.40529
	1.25942	1.3656	1.40263	1.40723	1.40742
	1.25942	1.3658	1.40416	1.40924	1.40947
	1.25942	1.36595	1.40557	1.41117	1.41144
	1.25942	1.36607	1.40688	1.41302	1.41333
	1.25942	1.36616	1.40808	1.41479	1.41515
	1.25942	1.36623	1.40919	1.41649	1.41691
	1.25942	1.36629	1.4102	1.41811	1.41859
	1.25942	1.36633	1.41112	1.41966	1.42021
	1.25942	1.36636	1.41196	1.42113	1.42177
	1.25942	1.36638	1.41272	1.42254	1.42327
	1.25942	1.3664	1.4134	1.42389	1.42471
	1.25942	1.36641	1.41401	1.42517	1.4261
	1.25942	1.36642	1.41456	1.42638	1.42744
	1.25942	1.36643	1.41505	1.42753	1.42872
	1.25942	1.36643	1.41548	1.42863	1.42995
	1.25942	1.36643	1.41586	1.42966	1.43114
	1.25942	1.36643	1.41619	1.43064	1.43228
	1.25942	1.36643	1.41648	1.43156	1.43338
	1.25942	1.36643	1.41673	1.43243	1.43443
	1.25942	1.36644	1.41695	1.43325	1.43544
	1.25942	1.36644	1.41713	1.43401	1.43641
	1.25942	1.36644	1.41729	1.43473	1.43735
	1.25942	1.36644	1.41743	1.4354	1.43824
	1.25942	1.36644	1.41754	1.43602	1.4391
	1.25942	1.36644	1.41763	1.4366	1.43992
	1.25942	1.36644	1.41771	1.43714	1.44071
	1.25942	1.36644	1.41778	1.43763	1.44147
	1.25942	1.36644	1.41783	1.43809	1.44219
	1.25942	1.36644	1.41788	1.43851	1.44288
	1.25942	1.36644	1.41792	1.4389	1.44354
	1.25942	1.36644	1.41795	1.43925	1.44417
	1.25942	1.36644	1.41797	1.43957	1.44477
	1.25942	1.36644	1.41799	1.43987	1.44534
	1.25942	1.36644	1.418	1.44013	1.44588
	1.25942	1.36644	1.41801	1.44037	1.4464
	1.25942	1.36644	1.41802	1.44058	1.44689
	1.25942	1.36644	1.41803	1.44078	1.44736
	1.25942	1.36644	1.41804	1.44095	1.4478
	1.25943	1.36644	1.41804	1.4411	1.44821
	1.25943	1.36644	1.41804	1.44124	1.4486
	1.25943	1.36644	1.41805	1.44136	1.44898
	1.25943	1.36644	1.41805	1.44146	1.44932
	1.25944	1.36644	1.41805	1.44156	1.44966
	1.25943	1.36644	1.41805	1.44164	1.44994
	1.25945	1.36644	1.41805	1.44171	1.45028
	1.25944	1.36644	1.41805	1.44176	1.45047
	1.25946	1.36644	1.41805	1.44184	1.45087
	1.00032	1.00032	1.00032	1.00032	1.00032
	1.00419	1.00421	1.00421	1.00421	1.00421
	1.01161	1.01165	1.01165	1.01165	1.01165
	1.02247	1.02257	1.02257	1.02257	1.02257
	1.03592	1.03611	1.03611	1.03611	1.03611
	1.05097	1.05128	1.05128	1.05128	1.05128
	1.06684	1.06733	1.06734	1.06734	1.06734
	1.08299	1.08373	1.08375	1.08375	1.08375
	1.09902	1.10012	1.10013	1.10014	1.10014
	1.11467	1.1162	1.11623	1.11623	1.11623
	1.12972	1.13181	1.13185	1.13185	1.13185
	1.14405	1.14682	1.14687	1.14687	1.14687
	1.15759	1.16117	1.16125	1.16125	1.16125
	1.17027	1.17487	1.17497	1.17497	1.17497
	1.18208	1.18789	1.18803	1.18803	1.18803
	1.19299	1.20028	1.20046	1.20046	1.20046
	1.20298	1.21204	1.21228	1.21228	1.21228
	1.21204	1.22322	1.22353	1.22353	1.22353
	1.22016	1.23384	1.23424	1.23425	1.23425
	1.22737	1.24394	1.24445	1.24446	1.24447
	1.23368	1.25354	1.2542	1.25421	1.25421
	1.23913	1.26266	1.2635	1.26352	1.26352
	1.24378	1.27134	1.27239	1.27241	1.27241
	1.24767	1.27959	1.28089	1.28092	1.28092
	1.25089	1.28742	1.28903	1.28907	1.28907
	1.25351	1.29484	1.29683	1.29687	1.29687
	1.25561	1.30188	1.3043	1.30436	1.30436
	1.25726	1.30854	1.31147	1.31153	1.31153
	1.25853	1.31483	1.31834	1.31842	1.31842
	1.2595	1.32076	1.32493	1.32503	1.32503
	1.26023	1.32633	1.33125	1.33138	1.33138
	1.26076	1.33155	1.33731	1.33747	1.33748
	1.26113	1.33643	1.34313	1.34333	1.34333
	1.2614	1.34098	1.34872	1.34896	1.34896
	1.26158	1.3452	1.35407	1.35436	1.35437
	1.2617	1.34909	1.35921	1.35956	1.35957
	1.26177	1.35268	1.36413	1.36456	1.36456
	1.26181	1.35596	1.36884	1.36936	1.36937
	1.26184	1.35895	1.37336	1.37397	1.37399
	1.26185	1.36166	1.37768	1.37841	1.37843
	1.26185	1.3641	1.38181	1.38268	1.3827
	1.26185	1.36628	1.38575	1.38678	1.3868
	1.26184	1.36823	1.38951	1.39072	1.39075
	1.26184	1.36994	1.3931	1.39451	1.39455
	1.26183	1.37145	1.39651	1.39815	1.3982
	1.26183	1.37276	1.39975	1.40166	1.40171
	1.26183	1.3739	1.40283	1.40503	1.40509
	1.26182	1.37487	1.40575	1.40826	1.40834
	1.26182	1.3757	1.4085	1.41137	1.41146
	1.26182	1.3764	1.41111	1.41436	1.41447
	1.26182	1.37699	1.41356	1.41723	1.41736
	1.26182	1.37748	1.41586	1.41999	1.42015
	1.26182	1.37788	1.41802	1.42264	1.42282
	1.26181	1.37821	1.42003	1.42518	1.4254
	1.26181	1.37847	1.42191	1.42762	1.42788
	1.26181	1.37868	1.42366	1.42996	1.43026
	1.26181	1.37885	1.42529	1.43221	1.43256
	1.26181	1.37898	1.42678	1.43436	1.43477
	1.26181	1.37909	1.42816	1.43642	1.43689
	1.26181	1.37917	1.42943	1.43839	1.43894
	1.26181	1.37923	1.43059	1.44027	1.4409
	1.26181	1.37927	1.43164	1.44207	1.4428
	1.26181	1.37931	1.4326	1.44379	1.44462
	1.26181	1.37933	1.43347	1.44543	1.44637
	1.26181	1.37935	1.43425	1.44699	1.44806
	1.26181	1.37936	1.43495	1.44848	1.44968
	1.26181	1.37937	1.43557	1.44989	1.45124
	1.26181	1.37938	1.43612	1.45123	1.45274
	1.26181	1.37938	1.43661	1.4525	1.45419
	1.26181	1.37939	1.43705	1.4537	1.45557
	1.26181	1.37939	1.43742	1.45483	1.45691
	1.26181	1.37939	1.43775	1.4559	1.45819
	1.26181	1.37939	1.43804	1.45691	1.45942
	1.26181	1.37939	1.43828	1.45785	1.46061
	1.26181	1.37939	1.43849	1.45874	1.46174
	1.26181	1.37939	1.43867	1.45956	1.46283
	1.26181	1.37939	1.43882	1.46033	1.46388
	1.26181	1.37939	1.43895	1.46105	1.46488
	1.26181	1.37939	1.43906	1.46172	1.46585
	1.26181	1.37939	1.43915	1.46234	1.46677
	1.26181	1.37939	1.43922	1.46291	1.46765
	1.26182	1.37939	1.43928	1.46344	1.46849
	1.26182	1.37939	1.43933	1.46392	1.4693
	1.26182	1.37939	1.43937	1.46436	1.47007
	1.26182	1.37939	1.43941	1.46477	1.4708
	1.26182	1.37939	1.43943	1.46513	1.4715
	1.26182	1.37939	1.43945	1.46547	1.47217
	1.26182	1.37939	1.43947	1.46577	1.4728
	1.26182	1.37939	1.43948	1.46604	1.4734
	1.26182	1.37939	1.43949	1.46629	1.47397
	1.26182	1.37939	1.4395	1.4665	1.47451
	1.26182	1.37939	1.43951	1.4667	1.47502
	1.26182	1.37939	1.43951	1.46687	1.4755
	1.26182	1.37939	1.43952	1.46703	1.47597
	1.26183	1.37939	1.43952	1.46716	1.47639
	1.26183	1.37939	1.43952	1.46729	1.47681
	1.26183	1.37939	1.43952	1.46739	1.47716
	1.26184	1.37939	1.43953	1.46749	1.47757
	1.26184	1.37939	1.43952	1.46755	1.4778
	1.26186	1.37939	1.43953	1.46765	1.47831
	1.00032	1.00032	1.00032	1.00032	1.00032
	1.00419	1.00421	1.00421	1.00421	1.00421
	1.01161	1.01165	1.01165	1.01165	1.01165
	1.02247	1.02257	1.02257	1.02257	1.02257
	1.03592	1.03611	1.03611	1.03611	1.03611
	1.05097	1.05128	1.05128	1.05128	1.05128
	1.06684	1.06733	1.06734	1.06734	1.06734
	1.08299	1.08373	1.08375	1.08375	1.08375
	1.09902	1.10012	1.10013	1.10014	1.10014
	1.11467	1.1162	1.11623	1.11623	1.11623
	1.12972	1.13181	1.13185	1.13185	1.13185
	1.14405	1.14682	1.14687	1.14687	1.14687
	1.15759	1.16117	1.16125	1.16125	1.16125
	1.17027	1.17487	1.17497	1.17497	1.17497
	1.18208	1.18789	1.18803	1.18803	1.18803
	1.19299	1.20028	1.20046	1.20046	1.20046
	1.20298	1.21204	1.21228	1.21228	1.21228
	1.21204	1.22322	1.22353	1.22353	1.22353
	1.22017	1.23384	1.23424	1.23425	1.23425
	1.22737	1.24394	1.24445	1.24446	1.24447
	1.23368	1.25354	1.2542	1.25421	1.25421
	1.23913	1.26266	1.2635	1.26352	1.26352
	1.24378	1.27134	1.27239	1.27241	1.27241
	1.24767	1.27959	1.28089	1.28092	1.28092
	1.25089	1.28742	1.28903	1.28907	1.28907
	1.25351	1.29484	1.29683	1.29687	1.29687
	1.2556	1.30188	1.3043	1.30436	1.30436
	1.25725	1.30854	1.31147	1.31153	1.31153
	1.25853	1.31483	1.31834	1.31842	1.31842
	1.2595	1.32076	1.32493	1.32503	1.32503
	1.26023	1.32633	1.33125	1.33138	1.33138
	1.26075	1.33155	1.33731	1.33747	1.33748
	1.26113	1.33644	1.34313	1.34333	1.34333
	1.2614	1.34098	1.34872	1.34896	1.34896
	1.26158	1.3452	1.35407	1.35436	1.35437
	1.26169	1.34909	1.35921	1.35956	1.35957
	1.26177	1.35268	1.36413	1.36456	1.36456
	1.26181	1.35596	1.36884	1.36936	1.36937
	1.26183	1.35895	1.37336	1.37397	1.37399
	1.26184	1.36166	1.37768	1.37841	1.37843
	1.26185	1.3641	1.38181	1.38268	1.3827
	1.26185	1.36628	1.38575	1.38678	1.3868
	1.26184	1.36823	1.38951	1.39072	1.39075
	1.26184	1.36994	1.3931	1.39451	1.39455
	1.26183	1.37145	1.39651	1.39815	1.3982
	1.26183	1.37276	1.39976	1.40166	1.40171
	1.26182	1.3739	1.40283	1.40503	1.40509
	1.26182	1.37487	1.40575	1.40826	1.40834
	1.26182	1.3757	1.40851	1.41137	1.41146
	1.26182	1.3764	1.41111	1.41436	1.41447
	1.26182	1.37699	1.41356	1.41723	1.41736
	1.26181	1.37748	1.41586	1.41999	1.42015
	1.26181	1.37788	1.41802	1.42264	1.42282
	1.26181	1.37821	1.42004	1.42518	1.4254
	1.26181	1.37847	1.42192	1.42762	1.42788
	1.26181	1.37868	1.42367	1.42996	1.43026
	1.26181	1.37885	1.42529	1.43221	1.43256
	1.26181	1.37898	1.42679	1.43436	1.43477
	1.26181	1.37909	1.42817	1.43642	1.43689
	1.26181	1.37917	1.42944	1.43839	1.43894
	1.26181	1.37923	1.4306	1.44027	1.4409
	1.26181	1.37927	1.43165	1.44207	1.4428
	1.26181	1.37931	1.43261	1.44379	1.44462
	1.26181	1.37933	1.43348	1.44543	1.44637
	1.26181	1.37935	1.43426	1.44699	1.44806
	1.26181	1.37936	1.43496	1.44848	1.44968
	1.26181	1.37937	1.43558	1.44989	1.45124
	1.26181	1.37938	1.43614	1.45123	1.45274
	1.26181	1.37938	1.43663	1.4525	1.45419
	1.26181	1.37938	1.43706	1.4537	1.45557
	1.26181	1.37939	1.43744	1.45483	1.45691
	1.26181	1.37939	1.43777	1.4559	1.45819
	1.26181	1.37939	1.43805	1.4569	1.45942
	1.26181	1.37939	1.4383	1.45785	1.46061
	1.26181	1.37939	1.43851	1.45873	1.46174
	1.26181	1.37939	1.43869	1.45956	1.46284
	1.26181	1.37939	1.43884	1.46033	1.46388
	1.26181	1.37939	1.43897	1.46105	1.46489
	1.26181	1.37939	1.43908	1.46172	1.46585
	1.26181	1.37939	1.43917	1.46233	1.46677
	1.26181	1.37939	1.43924	1.46291	1.46765
	1.26181	1.37939	1.4393	1.46343	1.46849
	1.26181	1.37939	1.43935	1.46391	1.4693
	1.26181	1.37939	1.4394	1.46436	1.47007
	1.26181	1.37939	1.43943	1.46476	1.4708
	1.26181	1.37939	1.43946	1.46513	1.4715
	1.26181	1.37939	1.43948	1.46546	1.47217
	1.26181	1.37939	1.43949	1.46576	1.4728
	1.26181	1.37939	1.43951	1.46603	1.4734
	1.26182	1.37939	1.43952	1.46628	1.47397
	1.26182	1.37939	1.43953	1.4665	1.47451
	1.26182	1.37939	1.43953	1.46669	1.47503
	1.26182	1.37939	1.43954	1.46687	1.47551
	1.26182	1.37939	1.43954	1.46702	1.47597
	1.26182	1.37939	1.43954	1.46716	1.47639
	1.26183	1.37939	1.43955	1.46728	1.47681
	1.26183	1.37939	1.43955	1.46738	1.47716
	1.26184	1.37939	1.43955	1.46748	1.47758
	1.26184	1.37939	1.43955	1.46754	1.47781
	1.26185	1.37939	1.43955	1.46764	1.47832
	1.00034	1.00034	1.00034	1.00034	1.00034
	1.00458	1.00459	1.00459	1.00459	1.00459
	1.01266	1.0127	1.0127	1.0127	1.0127
	1.02442	1.02451	1.02451	1.02451	1.02451
	1.0388	1.03898	1.03898	1.03898	1.03898
	1.05469	1.055	1.055	1.055	1.055
	1.07128	1.07177	1.07178	1.07178	1.07178
	1.08803	1.08876	1.08878	1.08878	1.08878
	1.10453	1.10561	1.10563	1.10563	1.10563
	1.1205	1.12204	1.12206	1.12207	1.12207
	1.13576	1.13787	1.1379	1.1379	1.1379
	1.15017	1.15299	1.15304	1.15304	1.15304
	1.16366	1.16736	1.16744	1.16744	1.16744
	1.17617	1.18098	1.18107	1.18108	1.18108
	1.18769	1.19384	1.19397	1.19397	1.19397
	1.19821	1.20598	1.20615	1.20615	1.20615
	1.20772	1.21742	1.21765	1.21766	1.21766
	1.21622	1.22821	1.22851	1.22852	1.22852
	1.22374	1.23838	1.23877	1.23878	1.23878
	1.23031	1.24798	1.24847	1.24848	1.24848
	1.23597	1.25702	1.25766	1.25767	1.25767
	1.24079	1.26555	1.26635	1.26637	1.26637
	1.24482	1.2736	1.2746	1.27462	1.27462
	1.24816	1.28118	1.28243	1.28246	1.28246
	1.25087	1.28832	1.28987	1.2899	1.2899
	1.25304	1.29504	1.29694	1.29698	1.29698
	1.25475	1.30137	1.30367	1.30372	1.30372
	1.25607	1.3073	1.31008	1.31015	1.31015
	1.25707	1.31286	1.31619	1.31627	1.31627
	1.25782	1.31807	1.32202	1.32211	1.32211
	1.25836	1.32292	1.32757	1.32769	1.32769
	1.25875	1.32743	1.33288	1.33302	1.33302
	1.25902	1.33162	1.33794	1.33812	1.33812
	1.2592	1.33549	1.34277	1.34299	1.34299
	1.25932	1.33905	1.34739	1.34765	1.34766
	1.25939	1.34232	1.35179	1.35211	1.35212
	1.25943	1.3453	1.356	1.35639	1.35639
	1.25945	1.34802	1.36001	1.36048	1.36049
	1.25946	1.35047	1.36384	1.3644	1.36441
	1.25946	1.35267	1.3675	1.36816	1.36818
	1.25946	1.35464	1.37098	1.37176	1.37178
	1.25945	1.35639	1.37429	1.37522	1.37524
	1.25944	1.35793	1.37744	1.37853	1.37856
	1.25944	1.35929	1.38044	1.38171	1.38175
	1.25943	1.36047	1.38328	1.38476	1.3848
	1.25943	1.36149	1.38598	1.38769	1.38774
	1.25942	1.36236	1.38853	1.3905	1.39056
	1.25942	1.36311	1.39094	1.3932	1.39326
	1.25942	1.36374	1.39321	1.39578	1.39586
	1.25942	1.36427	1.39535	1.39826	1.39836
	1.25942	1.36471	1.39736	1.40065	1.40076
	1.25941	1.36507	1.39924	1.40293	1.40307
	1.25941	1.36536	1.401	1.40512	1.40529
	1.25941	1.3656	1.40264	1.40722	1.40742
	1.25941	1.36579	1.40417	1.40924	1.40947
	1.25941	1.36595	1.40558	1.41117	1.41144
	1.25941	1.36607	1.40689	1.41302	1.41333
	1.25941	1.36616	1.4081	1.41479	1.41515
	1.25941	1.36623	1.4092	1.41649	1.41691
	1.25941	1.36629	1.41022	1.41811	1.41859
	1.25941	1.36633	1.41114	1.41966	1.42021
	1.25941	1.36636	1.41198	1.42113	1.42177
	1.25941	1.36638	1.41274	1.42254	1.42327
	1.25941	1.3664	1.41343	1.42389	1.42471
	1.25941	1.36641	1.41404	1.42516	1.4261
	1.25941	1.36642	1.41459	1.42638	1.42744
	1.25941	1.36642	1.41508	1.42753	1.42872
	1.25941	1.36643	1.41551	1.42862	1.42995
	1.25941	1.36643	1.41589	1.42966	1.43114
	1.25941	1.36643	1.41622	1.43064	1.43228
	1.25941	1.36643	1.41652	1.43156	1.43338
	1.25941	1.36643	1.41677	1.43243	1.43443
	1.25941	1.36643	1.41699	1.43324	1.43544
	1.25941	1.36643	1.41718	1.43401	1.43642
	1.25941	1.36643	1.41734	1.43472	1.43735
	1.25941	1.36643	1.41747	1.43539	1.43825
	1.25941	1.36643	1.41759	1.43601	1.4391
	1.25941	1.36643	1.41769	1.43659	1.43993
	1.25941	1.36643	1.41777	1.43713	1.44072
	1.25941	1.36643	1.41783	1.43762	1.44147
	1.25941	1.36643	1.41789	1.43808	1.44219
	1.25941	1.36643	1.41793	1.4385	1.44288
	1.25941	1.36643	1.41797	1.43889	1.44354
	1.25941	1.36643	1.418	1.43924	1.44417
	1.25941	1.36643	1.41803	1.43956	1.44478
	1.25941	1.36643	1.41805	1.43985	1.44535
	1.25941	1.36643	1.41806	1.44012	1.44589
	1.25942	1.36643	1.41807	1.44035	1.44641
	1.25942	1.36643	1.41808	1.44057	1.4469
	1.25942	1.36643	1.41809	1.44076	1.44737
	1.25942	1.36643	1.4181	1.44093	1.44781
	1.25942	1.36643	1.4181	1.44109	1.44823
	1.25942	1.36643	1.41811	1.44122	1.44862
	1.25942	1.36643	1.41811	1.44134	1.44899
	1.25942	1.36643	1.41811	1.44145	1.44933
	1.25943	1.36643	1.41811	1.44154	1.44968
	1.25943	1.36643	1.41811	1.44162	1.44996
	1.25944	1.36644	1.41812	1.44169	1.4503
	1.25943	1.36643	1.41811	1.44175	1.45049
	1.25945	1.36644	1.41812	1.44182	1.4509
	1.0004	1.0004	1.0004	1.0004	1.0004
	1.00545	1.00547	1.00547	1.00547	1.00547
	1.01505	1.01509	1.01509	1.01509	1.01509
	1.02878	1.02887	1.02887	1.02887	1.02887
	1.04517	1.04534	1.04534	1.04534	1.04534
	1.06284	1.06313	1.06314	1.06314	1.06314
	1.0809	1.08137	1.08138	1.08138	1.08138
	1.0988	1.09951	1.09952	1.09952	1.09952
	1.11612	1.11719	1.1172	1.1172	1.1172
	1.13259	1.13412	1.13414	1.13414	1.13414
	1.14803	1.15015	1.15019	1.15019	1.15019
	1.16231	1.16522	1.16526	1.16527	1.16527
	1.17539	1.17928	1.17935	1.17935	1.17935
	1.18725	1.19237	1.19246	1.19247	1.19247
	1.19788	1.20452	1.20464	1.20464	1.20464
	1.20731	1.21578	1.21594	1.21594	1.21594
	1.21558	1.22619	1.2264	1.22641	1.22641
	1.22274	1.23583	1.23611	1.23611	1.23611
	1.22886	1.24475	1.2451	1.24511	1.24511
	1.23401	1.253	1.25345	1.25346	1.25346
	1.23829	1.26064	1.26121	1.26122	1.26122
	1.24179	1.2677	1.26842	1.26843	1.26843
	1.2446	1.27425	1.27514	1.27515	1.27515
	1.24682	1.2803	1.2814	1.28142	1.28143
	1.24854	1.2859	1.28726	1.28728	1.28728
	1.24985	1.29108	1.29273	1.29277	1.29277
	1.25083	1.29586	1.29786	1.2979	1.29791
	1.25154	1.30027	1.30268	1.30273	1.30273
	1.25204	1.30433	1.3072	1.30726	1.30726
	1.25238	1.30805	1.31145	1.31153	1.31153
	1.25261	1.31147	1.31546	1.31555	1.31556
	1.25275	1.31459	1.31923	1.31935	1.31935
	1.25284	1.31743	1.3228	1.32294	1.32294
	1.25288	1.32001	1.32616	1.32634	1.32634
	1.2529	1.32234	1.32934	1.32956	1.32956
	1.25289	1.32444	1.33235	1.33261	1.33261
	1.25289	1.32631	1.3352	1.33551	1.33551
	1.25287	1.32798	1.33789	1.33826	1.33827
	1.25286	1.32946	1.34044	1.34088	1.34089
	1.25284	1.33076	1.34285	1.34337	1.34338
	1.25283	1.33189	1.34513	1.34574	1.34576
	1.25282	1.33288	1.34728	1.34801	1.34802
	1.25281	1.33373	1.34932	1.35017	1.35019
	1.2528	1.33446	1.35124	1.35223	1.35225
	1.25279	1.33509	1.35305	1.3542	1.35423
	1.25279	1.33561	1.35476	1.35608	1.35611
	1.25279	1.33605	1.35636	1.35788	1.35792
	1.25278	1.33641	1.35786	1.3596	1.35965
	1.25278	1.33671	1.35927	1.36124	1.3613
	1.25278	1.33696	1.36059	1.36281	1.36288
	1.25278	1.33715	1.36182	1.36432	1.3644
	1.25278	1.33731	1.36296	1.36576	1.36586
	1.25278	1.33744	1.36403	1.36713	1.36726
	1.25278	1.33753	1.36501	1.36845	1.3686
	1.25278	1.33761	1.36592	1.36971	1.36988
	1.25278	1.33767	1.36675	1.37092	1.37112
	1.25278	1.33771	1.36752	1.37207	1.3723
	1.25278	1.33774	1.36822	1.37317	1.37344
	1.25278	1.33777	1.36885	1.37422	1.37453
	1.25278	1.33779	1.36943	1.37523	1.37558
	1.25278	1.3378	1.36996	1.37618	1.37659
	1.25278	1.33781	1.37043	1.37709	1.37756
	1.25278	1.33781	1.37085	1.37796	1.3785
	1.25278	1.33782	1.37123	1.37879	1.37939
	1.25278	1.33782	1.37156	1.37957	1.38025
	1.25278	1.33782	1.37186	1.38031	1.38108
	1.25278	1.33782	1.37212	1.38101	1.38188
	1.25278	1.33782	1.37235	1.38168	1.38264
	1.25278	1.33782	1.37255	1.3823	1.38338
	1.25278	1.33782	1.37272	1.38289	1.38409
	1.25278	1.33782	1.37287	1.38345	1.38476
	1.25278	1.33782	1.373	1.38397	1.38542
	1.25278	1.33782	1.37311	1.38446	1.38604
	1.25278	1.33782	1.3732	1.38492	1.38664
	1.25278	1.33782	1.37328	1.38534	1.38722
	1.25278	1.33782	1.37334	1.38574	1.38777
	1.25278	1.33782	1.3734	1.3861	1.3883
	1.25278	1.33782	1.37344	1.38644	1.38881
	1.25278	1.33782	1.37348	1.38675	1.3893
	1.25278	1.33782	1.37351	1.38704	1.38976
	1.25278	1.33782	1.37354	1.38731	1.39021
	1.25278	1.33782	1.37356	1.38755	1.39063
	1.25278	1.33782	1.37357	1.38777	1.39104
	1.25278	1.33782	1.37359	1.38797	1.39142
	1.25278	1.33782	1.3736	1.38815	1.39179
	1.25278	1.33782	1.37361	1.38832	1.39214
	1.25278	1.33782	1.37361	1.38846	1.39248
	1.25278	1.33782	1.37362	1.3886	1.39279
	1.25278	1.33782	1.37362	1.38871	1.39309
	1.25278	1.33782	1.37362	1.38882	1.39337
	1.25278	1.33782	1.37363	1.38891	1.39364
	1.25278	1.33782	1.37363	1.38899	1.39389
	1.25278	1.33782	1.37363	1.38907	1.39413
	1.25279	1.33782	1.37363	1.38913	1.39436
	1.25279	1.33782	1.37363	1.38919	1.39456
	1.25279	1.33782	1.37363	1.38924	1.39477
	1.25279	1.33782	1.37363	1.38928	1.39494
	1.2528	1.33782	1.37364	1.38932	1.39514
	1.2528	1.33782	1.37363	1.38934	1.39525
	1.25281	1.33782	1.37364	1.38938	1.3955
	1.00051	1.00051	1.00051	1.00051	1.00051
	1.00709	1.00711	1.00711	1.00711	1.00711
	1.0195	1.01954	1.01954	1.01954	1.01954
	1.03672	1.0368	1.0368	1.0368	1.0368
	1.05645	1.0566	1.0566	1.0566	1.0566
	1.07688	1.07715	1.07716	1.07716	1.07716
	1.09704	1.09747	1.09748	1.09748	1.09748
	1.11633	1.117	1.11701	1.11701	1.11701
	1.13434	1.13535	1.13537	1.13537	1.13537
	1.15084	1.15231	1.15233	1.15233	1.15233
	1.16569	1.16778	1.16781	1.16781	1.16781
	1.17888	1.18177	1.18181	1.18181	1.18181
	1.19042	1.19435	1.1944	1.1944	1.1944
	1.20038	1.2056	1.20568	1.20568	1.20568
	1.20884	1.21565	1.21575	1.21575	1.21575
	1.21591	1.22459	1.22472	1.22472	1.22472
	1.22171	1.23253	1.2327	1.2327	1.2327
	1.22637	1.23959	1.2398	1.2398	1.2398
	1.23003	1.24585	1.24612	1.24612	1.24612
	1.23283	1.25141	1.25174	1.25175	1.25175
	1.2349	1.25634	1.25676	1.25677	1.25677
	1.23638	1.26071	1.26123	1.26124	1.26124
	1.23739	1.26458	1.26523	1.26524	1.26524
	1.23804	1.26802	1.26881	1.26882	1.26882
	1.23841	1.27106	1.27202	1.27204	1.27204
	1.23858	1.27374	1.27491	1.27493	1.27493
	1.23861	1.27611	1.27751	1.27754	1.27754
	1.23855	1.27819	1.27986	1.27989	1.27989
	1.23845	1.28001	1.28198	1.28202	1.28202
	1.23832	1.2816	1.28391	1.28396	1.28396
	1.23818	1.28297	1.28567	1.28572	1.28573
	1.23805	1.28415	1.28726	1.28733	1.28734
	1.23793	1.28516	1.28872	1.28881	1.28881
	1.23783	1.28601	1.29006	1.29016	1.29016
	1.23774	1.28671	1.29128	1.2914	1.2914
	1.23767	1.2873	1.2924	1.29255	1.29255
	1.23761	1.28777	1.29343	1.29361	1.29361
	1.23757	1.28814	1.29438	1.29459	1.29459
	1.23753	1.28842	1.29525	1.2955	1.2955
	1.23751	1.28864	1.29606	1.29635	1.29635
	1.23749	1.28879	1.2968	1.29714	1.29714
	1.23748	1.28889	1.29748	1.29788	1.29788
	1.23747	1.28894	1.2981	1.29857	1.29858
	1.23746	1.28897	1.29868	1.29922	1.29923
	1.23746	1.28896	1.2992	1.29983	1.29984
	1.23745	1.28894	1.29969	1.3004	1.30042
	1.23745	1.28891	1.30013	1.30094	1.30096
	1.23745	1.28886	1.30053	1.30145	1.30147
	1.23745	1.28881	1.30089	1.30193	1.30196
	1.23745	1.28876	1.30122	1.30239	1.30242
	1.23745	1.28871	1.30151	1.30282	1.30286
	1.23745	1.28866	1.30178	1.30322	1.30327
	1.23745	1.28861	1.30201	1.30361	1.30367
	1.23745	1.28857	1.30222	1.30398	1.30405
	1.23745	1.28854	1.30241	1.30433	1.3044
	1.23745	1.2885	1.30257	1.30465	1.30475
	1.23745	1.28847	1.3027	1.30497	1.30508
	1.23745	1.28845	1.30282	1.30526	1.30539
	1.23745	1.28843	1.30292	1.30554	1.30569
	1.23745	1.28841	1.30301	1.30581	1.30597
	1.23745	1.2884	1.30308	1.30605	1.30625
	1.23745	1.28839	1.30314	1.30629	1.30651
	1.23745	1.28838	1.30318	1.30651	1.30676
	1.23745	1.28837	1.30322	1.30672	1.30701
	1.23745	1.28837	1.30325	1.30692	1.30724
	1.23745	1.28836	1.30327	1.3071	1.30746
	1.23745	1.28836	1.30328	1.30727	1.30767
	1.23745	1.28836	1.30329	1.30743	1.30788
	1.23745	1.28836	1.3033	1.30758	1.30808
	1.23745	1.28836	1.3033	1.30772	1.30826
	1.23745	1.28835	1.3033	1.30784	1.30845
	1.23745	1.28835	1.30329	1.30796	1.30862
	1.23745	1.28835	1.30329	1.30807	1.30879
	1.23745	1.28835	1.30328	1.30816	1.30895
	1.23745	1.28835	1.30328	1.30825	1.3091
	1.23745	1.28835	1.30327	1.30833	1.30924
	1.23745	1.28835	1.30326	1.30841	1.30938
	1.23745	1.28835	1.30326	1.30847	1.30952
	1.23745	1.28835	1.30325	1.30853	1.30964
	1.23745	1.28835	1.30325	1.30858	1.30977
	1.23745	1.28835	1.30324	1.30863	1.30988
	1.23745	1.28835	1.30324	1.30867	1.30999
	1.23745	1.28835	1.30323	1.3087	1.3101
	1.23745	1.28835	1.30323	1.30874	1.31019
	1.23745	1.28835	1.30323	1.30876	1.31029
	1.23745	1.28835	1.30322	1.30878	1.31038
	1.23745	1.28835	1.30322	1.3088	1.31046
	1.23745	1.28835	1.30322	1.30882	1.31054
	1.23745	1.28835	1.30322	1.30883	1.31061
	1.23745	1.28835	1.30322	1.30884	1.31068
	1.23745	1.28835	1.30322	1.30885	1.31075
	1.23745	1.28835	1.30322	1.30886	1.31081
	1.23745	1.28835	1.30322	1.30886	1.31086
	1.23745	1.28835	1.30321	1.30887	1.31092
	1.23745	1.28835	1.30321	1.30887	1.31096
	1.23745	1.28835	1.30321	1.30887	1.31101
	1.23745	1.28835	1.30321	1.30887	1.31105
	1.23746	1.28835	1.30322	1.30887	1.3111
	1.23746	1.28835	1.30321	1.30887	1.31112
	1.23747	1.28835	1.30322	1.30887	1.31117
	1.0007	1.0007	1.0007	1.0007	1.0007
	1.01013	1.01014	1.01014	1.01014	1.01014
	1.02755	1.02757	1.02758	1.02758	1.02758
	1.0504	1.05047	1.05047	1.05047	1.05047
	1.07489	1.07501	1.07502	1.07502	1.07502
	1.09862	1.09885	1.09885	1.09885	1.09885
	1.12057	1.12093	1.12094	1.12094	1.12094
	1.1402	1.14076	1.14077	1.14077	1.14077
	1.15724	1.15809	1.1581	1.1581	1.1581
	1.17165	1.17289	1.1729	1.1729	1.1729
	1.18355	1.18531	1.18533	1.18533	1.18533
	1.19314	1.1956	1.19562	1.19562	1.19562
	1.20067	1.204	1.20404	1.20404	1.20404
	1.20637	1.21079	1.21083	1.21083	1.21083
	1.21048	1.21618	1.21624	1.21624	1.21624
	1.21326	1.22041	1.22047	1.22047	1.22047
	1.21492	1.22365	1.22373	1.22373	1.22373
	1.2157	1.22608	1.22617	1.22618	1.22618
	1.21578	1.22783	1.22795	1.22795	1.22795
	1.21535	1.22903	1.22916	1.22917	1.22917
	1.21458	1.22977	1.22993	1.22993	1.22993
	1.2136	1.23013	1.23032	1.23033	1.23033
	1.21251	1.2302	1.23042	1.23043	1.23043
	1.21141	1.23002	1.23028	1.23029	1.23029
	1.21034	1.22964	1.22995	1.22995	1.22995
	1.20937	1.22911	1.22946	1.22947	1.22947
	1.2085	1.22845	1.22886	1.22886	1.22886
	1.20774	1.22769	1.22816	1.22817	1.22817
	1.20711	1.22686	1.2274	1.2274	1.2274
	1.20659	1.22597	1.22658	1.22659	1.22659
	1.20616	1.22505	1.22573	1.22573	1.22573
	1.20583	1.2241	1.22485	1.22485	1.22485
	1.20558	1.22314	1.22396	1.22396	1.22396
	1.20538	1.22218	1.22306	1.22306	1.22306
	1.20523	1.22124	1.22216	1.22216	1.22216
	1.20513	1.22031	1.22126	1.22126	1.22126
	1.20505	1.21941	1.22038	1.22037	1.22037
	1.205	1.21855	1.21951	1.2195	1.2195
	1.20496	1.21773	1.21866	1.21864	1.21864
	1.20494	1.21695	1.21782	1.2178	1.2178
	1.20492	1.21623	1.217	1.21698	1.21698
	1.20491	1.21555	1.21621	1.21618	1.21618
	1.20491	1.21493	1.21543	1.2154	1.21539
	1.2049	1.21437	1.21468	1.21464	1.21464
	1.2049	1.21386	1.21396	1.2139	1.2139
	1.2049	1.21341	1.21326	1.21319	1.21318
	1.2049	1.213	1.21258	1.2125	1.21249
	1.2049	1.21265	1.21193	1.21183	1.21182
	1.2049	1.21234	1.21131	1.21118	1.21117
	1.2049	1.21208	1.21071	1.21055	1.21054
	1.2049	1.21185	1.21013	1.20995	1.20994
	1.2049	1.21166	1.20959	1.20937	1.20935
	1.2049	1.2115	1.20907	1.2088	1.20878
	1.2049	1.21136	1.20857	1.20826	1.20824
	1.2049	1.21125	1.2081	1.20774	1.20771
	1.2049	1.21116	1.20766	1.20724	1.20721
	1.2049	1.21109	1.20725	1.20675	1.20672
	1.2049	1.21103	1.20686	1.20629	1.20625
	1.2049	1.21099	1.20649	1.20584	1.20579
	1.2049	1.21095	1.20615	1.20541	1.20536
	1.2049	1.21093	1.20584	1.205	1.20494
	1.2049	1.2109	1.20555	1.2046	1.20453
	1.2049	1.21089	1.20528	1.20422	1.20414
	1.2049	1.21088	1.20503	1.20386	1.20377
	1.2049	1.21087	1.20481	1.20351	1.2034
	1.2049	1.21086	1.2046	1.20318	1.20306
	1.2049	1.21086	1.20442	1.20286	1.20272
	1.2049	1.21085	1.20425	1.20255	1.2024
	1.2049	1.21085	1.2041	1.20226	1.20209
	1.2049	1.21085	1.20397	1.20199	1.20179
	1.2049	1.21085	1.20385	1.20173	1.20151
	1.2049	1.21085	1.20375	1.20148	1.20123
	1.2049	1.21085	1.20366	1.20124	1.20097
	1.2049	1.21085	1.20358	1.20102	1.20071
	1.2049	1.21085	1.20351	1.20081	1.20047
	1.2049	1.21085	1.20345	1.20061	1.20024
	1.2049	1.21085	1.2034	1.20042	1.20001
	1.2049	1.21085	1.20336	1.20024	1.19979
	1.2049	1.21085	1.20332	1.20008	1.19959
	1.2049	1.21085	1.20329	1.19992	1.19939
	1.2049	1.21085	1.20327	1.19978	1.1992
	1.2049	1.21085	1.20325	1.19965	1.19901
	1.2049	1.21085	1.20323	1.19952	1.19884
	1.2049	1.21085	1.20321	1.19941	1.19867
	1.2049	1.21085	1.2032	1.1993	1.19851
	1.2049	1.21085	1.20319	1.1992	1.19836
	1.2049	1.21085	1.20318	1.19911	1.19821
	1.2049	1.21085	1.20318	1.19903	1.19807
	1.2049	1.21085	1.20317	1.19896	1.19794
	1.2049	1.21085	1.20317	1.19889	1.19781
	1.2049	1.21085	1.20317	1.19883	1.19769
	1.2049	1.21085	1.20317	1.19878	1.19758
	1.2049	1.21085	1.20316	1.19873	1.19747
	1.2049	1.21085	1.20316	1.19868	1.19736
	1.2049	1.21085	1.20316	1.19864	1.19726
	1.2049	1.21085	1.20316	1.19861	1.19717
	1.2049	1.21085	1.20316	1.19858	1.19709
	1.20491	1.21085	1.20316	1.19855	1.197
	1.2049	1.21085	1.20316	1.19853	1.19694
	1.20491	1.21085	1.20316	1.1985	1.19683
	1.00105	1.00105	1.00105	1.00105	1.00105
	1.01614	1.01615	1.01615	1.01615	1.01615
	1.04217	1.04219	1.04219	1.04219	1.04219
	1.07281	1.07286	1.07286	1.07286	1.07286
	1.10198	1.10206	1.10206	1.10206	1.10206
	1.12702	1.12716	1.12716	1.12716	1.12716
	1.14732	1.14752	1.14753	1.14753	1.14753
	1.16286	1.16316	1.16316	1.16316	1.16316
	1.17398	1.17441	1.17441	1.17441	1.17441
	1.18127	1.18187	1.18187	1.18187	1.18187
	1.18543	1.18623	1.18623	1.18623	1.18623
	1.18708	1.18815	1.18815	1.18815	1.18815
	1.18679	1.18818	1.18817	1.18817	1.18817
	1.18504	1.18678	1.18677	1.18677	1.18677
	1.18226	1.18435	1.18433	1.18433	1.18433
	1.17878	1.18117	1.18114	1.18114	1.18114
	1.17489	1.17749	1.17744	1.17744	1.17744
	1.17083	1.17348	1.1734	1.1734	1.1734
	1.16679	1.16928	1.16917	1.16917	1.16917
	1.16293	1.165	1.16485	1.16485	1.16485
	1.15933	1.16071	1.16051	1.16051	1.16051
	1.15608	1.15648	1.15621	1.1562	1.1562
	1.15321	1.15233	1.15198	1.15197	1.15197
	1.15073	1.14831	1.14786	1.14785	1.14785
	1.14864	1.14442	1.14385	1.14384	1.14384
	1.1469	1.14069	1.13998	1.13996	1.13996
	1.14549	1.13712	1.13625	1.13622	1.13622
	1.14437	1.13372	1.13265	1.13262	1.13262
	1.14349	1.13049	1.1292	1.12916	1.12916
	1.14281	1.12744	1.12588	1.12584	1.12583
	1.1423	1.12455	1.1227	1.12264	1.12264
	1.14193	1.12184	1.11966	1.11958	1.11958
	1.14166	1.11931	1.11674	1.11665	1.11665
	1.14147	1.11694	1.11395	1.11384	1.11384
	1.14134	1.11475	1.11128	1.11114	1.11114
	1.14125	1.11272	1.10873	1.10856	1.10856
	1.14119	1.11085	1.10628	1.10608	1.10608
	1.14116	1.10914	1.10395	1.10371	1.1037
	1.14114	1.10758	1.10172	1.10143	1.10143
	1.14113	1.10617	1.0996	1.09925	1.09924
	1.14112	1.10491	1.09757	1.09716	1.09715
	1.14112	1.10378	1.09563	1.09515	1.09514
	1.14112	1.10277	1.09379	1.09323	1.09321
	1.14113	1.10189	1.09204	1.09138	1.09136
	1.14113	1.10111	1.09038	1.08961	1.08959
	1.14113	1.10044	1.0888	1.08791	1.08788
	1.14113	1.09986	1.0873	1.08628	1.08625
	1.14113	1.09937	1.08588	1.08472	1.08468
	1.14114	1.09895	1.08455	1.08322	1.08317
	1.14114	1.0986	1.08329	1.08178	1.08172
	1.14114	1.0983	1.0821	1.0804	1.08033
	1.14114	1.09806	1.08099	1.07908	1.079
	1.14114	1.09786	1.07994	1.07781	1.07771
	1.14114	1.0977	1.07897	1.07659	1.07648
	1.14114	1.09757	1.07806	1.07543	1.0753
	1.14114	1.09747	1.07722	1.07431	1.07416
	1.14114	1.09739	1.07644	1.07324	1.07306
	1.14114	1.09733	1.07571	1.07221	1.07201
	1.14114	1.09728	1.07505	1.07123	1.071
	1.14114	1.09724	1.07444	1.0703	1.07002
	1.14114	1.09721	1.07389	1.0694	1.06909
	1.14114	1.09719	1.07338	1.06854	1.06819
	1.14114	1.09718	1.07292	1.06773	1.06733
	1.14114	1.09716	1.07251	1.06695	1.06649
	1.14114	1.09716	1.07213	1.06621	1.0657
	1.14114	1.09715	1.0718	1.06551	1.06493
	1.14114	1.09715	1.0715	1.06484	1.06419
	1.14114	1.09714	1.07124	1.06421	1.06348
	1.14114	1.09714	1.07101	1.06361	1.0628
	1.14114	1.09714	1.07081	1.06304	1.06214
	1.14114	1.09714	1.07063	1.0625	1.06151
	1.14114	1.09714	1.07047	1.062	1.06091
	1.14114	1.09714	1.07034	1.06153	1.06033
	1.14114	1.09714	1.07022	1.06108	1.05977
	1.14114	1.09714	1.07013	1.06066	1.05923
	1.14114	1.09714	1.07004	1.06027	1.05872
	1.14114	1.09714	1.06997	1.05991	1.05823
	1.14114	1.09714	1.06991	1.05957	1.05776
	1.14114	1.09714	1.06986	1.05926	1.0573
	1.14114	1.09714	1.06982	1.05897	1.05687
	1.14114	1.09714	1.06979	1.0587	1.05646
	1.14114	1.09714	1.06976	1.05845	1.05606
	1.14114	1.09714	1.06974	1.05822	1.05568
	1.14114	1.09714	1.06972	1.05802	1.05532
	1.14114	1.09714	1.0697	1.05783	1.05498
	1.14114	1.09714	1.06969	1.05765	1.05465
	1.14114	1.09714	1.06968	1.0575	1.05434
	1.14114	1.09714	1.06968	1.05736	1.05404
	1.14114	1.09714	1.06967	1.05723	1.05376
	1.14114	1.09714	1.06967	1.05712	1.05349
	1.14114	1.09714	1.06966	1.05701	1.05324
	1.14114	1.09714	1.06966	1.05692	1.053
	1.14114	1.09714	1.06966	1.05684	1.05277
	1.14113	1.09714	1.06966	1.05677	1.05256
	1.14113	1.09714	1.06965	1.05671	1.05236
	1.14113	1.09714	1.06965	1.05665	1.05217
	1.14113	1.09714	1.06965	1.0566	1.052
	1.14113	1.09714	1.06965	1.05656	1.05182
	1.14113	1.09714	1.06965	1.05653	1.05169
	1.14113	1.09714	1.06965	1.05649	1.05148
	1.00206	1.00206	1.00206	1.00206	1.00206
	1.02895	1.02895	1.02895	1.02895	1.02895
	1.06714	1.06714	1.06714	1.06714	1.06714
	1.1032	1.1032	1.1032	1.1032	1.1032
	1.13015	1.13014	1.13013	1.13013	1.13013
	1.14728	1.14723	1.14723	1.14723	1.14723
	1.15584	1.15572	1.15572	1.15572	1.15572
	1.15739	1.15714	1.15714	1.15714	1.15714
	1.1536	1.15316	1.15315	1.15315	1.15315
	1.14615	1.14544	1.14542	1.14542	1.14542
	1.13644	1.13534	1.13531	1.13531	1.13531
	1.12553	1.12391	1.12387	1.12387	1.12387
	1.11418	1.11187	1.11182	1.11182	1.11182
	1.10293	1.09974	1.09966	1.09966	1.09966
	1.09217	1.08784	1.08773	1.08773	1.08773
	1.08214	1.07638	1.07623	1.07623	1.07623
	1.073	1.06549	1.06528	1.06528	1.06528
	1.06483	1.05521	1.05494	1.05494	1.05494
	1.05766	1.04558	1.04522	1.04522	1.04522
	1.05147	1.03658	1.03612	1.03611	1.03611
	1.04622	1.02819	1.0276	1.02759	1.02759
	1.04184	1.02038	1.01964	1.01963	1.01963
	1.03825	1.01313	1.0122	1.01218	1.01218
	1.03535	1.00639	1.00523	1.00521	1.00521
	1.03305	1.00014	0.998712	0.998682	0.998681
	1.03126	0.994341	0.992597	0.992559	0.992558
	1.0299	0.988967	0.986855	0.986808	0.986807
	1.02887	0.983994	0.981457	0.981398	0.981397
	1.02812	0.979397	0.976375	0.976302	0.976301
	1.02758	0.975157	0.971584	0.971494	0.971493
	1.02721	0.971254	0.967062	0.966952	0.96695
	1.02695	0.96767	0.96279	0.962655	0.962652
	1.02679	0.96439	0.95875	0.958584	0.958581
	1.02669	0.961397	0.954925	0.954724	0.95472
	1.02663	0.958677	0.951303	0.951058	0.951053
	1.0266	0.956215	0.94787	0.947575	0.947568
	1.02659	0.953996	0.944615	0.94426	0.944253
	1.02659	0.952006	0.941529	0.941104	0.941095
	1.0266	0.950231	0.938603	0.938097	0.938086
	1.02661	0.948656	0.935828	0.935229	0.935215
	1.02662	0.947267	0.933199	0.932492	0.932475
	1.02662	0.94605	0.930709	0.929878	0.929858
	1.02663	0.944989	0.928351	0.927381	0.927356
	1.02664	0.944072	0.926122	0.924994	0.924964
	1.02665	0.943284	0.924016	0.922711	0.922675
	1.02665	0.942613	0.92203	0.920527	0.920484
	1.02666	0.942044	0.920158	0.918437	0.918386
	1.02666	0.941567	0.918398	0.916436	0.916375
	1.02666	0.94117	0.916746	0.914521	0.914448
	1.02666	0.940841	0.915197	0.912687	0.9126
	1.02666	0.940573	0.91375	0.910932	0.910828
	1.02666	0.940354	0.9124	0.90925	0.909127
	1.02666	0.940179	0.911144	0.90764	0.907495
	1.02666	0.940039	0.909978	0.906099	0.905929
	1.02666	0.939929	0.9089	0.904625	0.904425
	1.02666	0.939843	0.907905	0.903213	0.90298
	1.02666	0.939777	0.90699	0.901864	0.901592
	1.02666	0.939726	0.906151	0.900574	0.900259
	1.02666	0.939688	0.905385	0.899342	0.898978
	1.02666	0.939659	0.904688	0.898166	0.897747
	1.02666	0.939638	0.904056	0.897044	0.896563
	1.02666	0.939623	0.903485	0.895974	0.895426
	1.02666	0.939612	0.902971	0.894956	0.894333
	1.02666	0.939604	0.902511	0.893988	0.893282
	1.02666	0.939599	0.902101	0.893068	0.892272
	1.02666	0.939595	0.901737	0.892195	0.891301
	1.02666	0.939593	0.901415	0.891368	0.890367
	1.02666	0.939591	0.901132	0.890586	0.88947
	1.02666	0.939591	0.900884	0.889847	0.888608
	1.02666	0.93959	0.900668	0.889151	0.88778
	1.02666	0.93959	0.900481	0.888496	0.886984
	1.02666	0.93959	0.90032	0.88788	0.88622
	1.02666	0.93959	0.900182	0.887303	0.885486
	1.02666	0.93959	0.900064	0.886763	0.884782
	1.02666	0.93959	0.899964	0.886259	0.884106
	1.02666	0.93959	0.89988	0.88579	0.883458
	1.02666	0.93959	0.899809	0.885354	0.882837
	1.02666	0.93959	0.899751	0.884951	0.882243
	1.02666	0.93959	0.899702	0.884578	0.881673
	1.02666	0.93959	0.899662	0.884234	0.881128
	1.02666	0.93959	0.899629	0.883918	0.880608
	1.02666	0.93959	0.899602	0.883628	0.88011
	1.02666	0.93959	0.899581	0.883364	0.879636
	1.02666	0.93959	0.899563	0.883123	0.879183
	1.02666	0.93959	0.89955	0.882904	0.878752
	1.02666	0.93959	0.899539	0.882706	0.878342
	1.02666	0.939589	0.89953	0.882527	0.877953
	1.02666	0.939589	0.899523	0.882367	0.877583
	1.02666	0.939589	0.899518	0.882223	0.877233
	1.02666	0.939589	0.899514	0.882095	0.876901
	1.02666	0.939589	0.899511	0.881981	0.876588
	1.02666	0.939589	0.899509	0.88188	0.876292
	1.02665	0.939589	0.899507	0.881791	0.876013
	1.02665	0.939589	0.899506	0.881712	0.875751
	1.02665	0.939588	0.899505	0.881643	0.875504
	1.02665	0.939588	0.899504	0.881583	0.875272
	1.02664	0.939588	0.899503	0.881531	0.875058
	1.02664	0.939588	0.899503	0.881485	0.874845
	1.02663	0.939587	0.899502	0.88145	0.874683
	1.02663	0.939586	0.899501	0.881405	0.874434
	1.00516	1.00516	1.00516	1.00516	1.00516
	1.05134	1.05133	1.05133	1.05133	1.05133
	1.09452	1.09449	1.09449	1.09449	1.09449
	1.11681	1.11673	1.11673	1.11673	1.11673
	1.1191	1.11893	1.11892	1.11892	1.11892
	1.1078	1.10745	1.10744	1.10744	1.10744
	1.08786	1.08722	1.08721	1.08721	1.08721
	1.06288	1.06183	1.06182	1.06182	1.06182
	1.03583	1.03419	1.03417	1.03417	1.03417
	1.00892	1.00648	1.00644	1.00644	1.00644
	0.98353	0.98003	0.979977	0.979976	0.979976
	0.960382	0.955522	0.955447	0.955446	0.955446
	0.939769	0.933205	0.933103	0.933101	0.933101
	0.921739	0.913088	0.912952	0.912949	0.912949
	0.906199	0.895048	0.894868	0.894864	0.894864
	0.892976	0.878901	0.878664	0.87866	0.87866
	0.881863	0.864443	0.864136	0.86413	0.86413
	0.872637	0.851474	0.851079	0.851072	0.851072
	0.865075	0.839812	0.839309	0.8393	0.839299
	0.858959	0.829295	0.828658	0.828646	0.828646
	0.854084	0.819782	0.818982	0.818967	0.818967
	0.850256	0.811154	0.810156	0.810137	0.810136
	0.847301	0.803308	0.802071	0.802048	0.802047
	0.845059	0.79616	0.794638	0.794609	0.794608
	0.843394	0.789637	0.787777	0.787741	0.78774
	0.842183	0.78368	0.781424	0.781379	0.781378
	0.841325	0.778237	0.775521	0.775466	0.775465
	0.840738	0.773266	0.770021	0.769953	0.769951
	0.84035	0.768729	0.764882	0.764798	0.764797
	0.840108	0.764596	0.760069	0.759967	0.759965
	0.839968	0.760836	0.755553	0.755427	0.755425
	0.839898	0.757426	0.751306	0.751153	0.75115
	0.839874	0.754342	0.747307	0.747121	0.747118
	0.839878	0.751562	0.743535	0.743311	0.743306
	0.839898	0.749065	0.739975	0.739704	0.739699
	0.839925	0.746834	0.736612	0.736285	0.736279
	0.839955	0.744848	0.733432	0.73304	0.733032
	0.839984	0.743089	0.730425	0.729956	0.729947
	0.84001	0.741539	0.727581	0.727022	0.727011
	0.840032	0.740182	0.72489	0.724229	0.724215
	0.84005	0.739	0.722347	0.721567	0.72155
	0.840065	0.737977	0.719943	0.719027	0.719007
	0.840077	0.737097	0.717674	0.716603	0.716578
	0.840085	0.736346	0.715533	0.714288	0.714258
	0.840092	0.735709	0.713516	0.712076	0.71204
	0.840097	0.735173	0.711618	0.709961	0.709918
	0.840101	0.734725	0.709835	0.707938	0.707886
	0.840103	0.734353	0.708162	0.706002	0.70594
	0.840105	0.734048	0.706597	0.70415	0.704076
	0.840106	0.733799	0.705135	0.702378	0.702289
	0.840107	0.733598	0.703773	0.700681	0.700575
	0.840107	0.733437	0.702506	0.699056	0.698931
	0.840108	0.733309	0.701332	0.697502	0.697353
	0.840108	0.733209	0.700247	0.696014	0.695839
	0.840108	0.733131	0.699246	0.69459	0.694385
	0.840108	0.733071	0.698326	0.693229	0.692988
	0.840108	0.733026	0.697484	0.691927	0.691646
	0.840108	0.732992	0.696715	0.690683	0.690357
	0.840108	0.732966	0.696016	0.689496	0.689118
	0.840108	0.732948	0.695382	0.688363	0.687927
	0.840107	0.732934	0.69481	0.687282	0.686782
	0.840107	0.732925	0.694295	0.686254	0.685682
	0.840107	0.732918	0.693835	0.685275	0.684623
	0.840107	0.732914	0.693424	0.684344	0.683606
	0.840107	0.732911	0.693059	0.683461	0.682628
	0.840107	0.732909	0.692737	0.682625	0.681687
	0.840107	0.732908	0.692454	0.681833	0.680783
	0.840107	0.732907	0.692206	0.681085	0.679914
	0.840107	0.732907	0.69199	0.680379	0.679078
	0.840107	0.732907	0.691803	0.679714	0.678275
	0.840107	0.732907	0.691641	0.67909	0.677504
	0.840107	0.732907	0.691503	0.678504	0.676763
	0.840107	0.732907	0.691385	0.677956	0.676051
	0.840107	0.732907	0.691285	0.677445	0.675369
	0.840107	0.732907	0.6912	0.676968	0.674713
	0.840106	0.732907	0.691129	0.676525	0.674085
	0.840106	0.732907	0.69107	0.676115	0.673483
	0.840106	0.732907	0.691021	0.675735	0.672906
	0.840106	0.732907	0.690981	0.675385	0.672354
	0.840105	0.732907	0.690948	0.675063	0.671826
	0.840105	0.732907	0.690921	0.674768	0.671322
	0.840105	0.732907	0.690899	0.674499	0.67084
	0.840104	0.732907	0.690882	0.674253	0.67038
	0.840104	0.732907	0.690868	0.67403	0.669943
	0.840104	0.732907	0.690857	0.673828	0.669526
	0.840103	0.732907	0.690848	0.673646	0.669129
	0.840103	0.732907	0.690841	0.673482	0.668753
	0.840102	0.732907	0.690836	0.673335	0.668396
	0.840101	0.732907	0.690832	0.673204	0.668058
	0.8401	0.732907	0.690829	0.673087	0.667739
	0.840099	0.732906	0.690826	0.672983	0.667437
	0.840097	0.732906	0.690824	0.672892	0.667152
	0.840095	0.732906	0.690823	0.672812	0.666884
	0.840092	0.732906	0.690822	0.672741	0.666632
	0.840089	0.732906	0.690821	0.67268	0.666395
	0.840084	0.732905	0.69082	0.672626	0.666172
	0.840079	0.732905	0.69082	0.67258	0.665966
	0.840072	0.732905	0.69082	0.672539	0.665766
	0.840065	0.732904	0.690819	0.672507	0.665602
	0.840049	0.732903	0.690818	0.672469	0.665374
	1.00366	1.00366	1.00366	1.00366	1.00366
	1.04817	1.04815	1.04815	1.04815	1.04815
	1.05113	1.05106	1.05106	1.05106	1.05106
	1.01215	1.01197	1.01197	1.01197	1.01197
	0.955441	0.955082	0.955077	0.955077	0.955077
	0.896387	0.895749	0.89574	0.895739	0.895739
	0.840702	0.839664	0.839649	0.839648	0.839648
	0.790811	0.789226	0.789203	0.789203	0.789203
	0.747894	0.745583	0.745551	0.745551	0.745551
	0.712023	0.708766	0.708722	0.708721	0.708721
	0.682512	0.678044	0.677984	0.677983	0.677983
	0.658406	0.652421	0.652342	0.65234	0.65234
	0.638787	0.630939	0.630837	0.630835	0.630835
	0.622868	0.612786	0.612654	0.612651	0.612651
	0.610002	0.597304	0.597134	0.597131	0.597131
	0.599662	0.583972	0.583758	0.583754	0.583754
	0.591415	0.572388	0.572117	0.572112	0.572112
	0.584901	0.562235	0.561895	0.561888	0.561888
	0.579819	0.553267	0.552841	0.552834	0.552833
	0.57591	0.545291	0.54476	0.544751	0.54475
	0.572953	0.538153	0.537495	0.537483	0.537483
	0.570759	0.531734	0.53092	0.530905	0.530905
	0.569169	0.525936	0.524934	0.524916	0.524915
	0.568048	0.520682	0.519454	0.519432	0.519431
	0.567285	0.515909	0.514413	0.514385	0.514385
	0.566789	0.511568	0.509755	0.509721	0.509721
	0.566487	0.507616	0.505434	0.505393	0.505392
	0.566324	0.50402	0.501411	0.501361	0.501361
	0.566255	0.500749	0.497655	0.497595	0.497594
	0.566246	0.497781	0.494138	0.494065	0.494064
	0.566275	0.495091	0.490838	0.490749	0.490747
	0.566323	0.492662	0.487734	0.487626	0.487624
	0.56638	0.490475	0.48481	0.484679	0.484677
	0.566438	0.488512	0.482051	0.481894	0.481891
	0.566492	0.486759	0.479446	0.479256	0.479252
	0.56654	0.485199	0.476984	0.476754	0.47675
	0.566582	0.483818	0.474655	0.474379	0.474374
	0.566616	0.482601	0.472451	0.47212	0.472114
	0.566644	0.481536	0.470366	0.46997	0.469963
	0.566666	0.480608	0.468393	0.467922	0.467913
	0.566683	0.479804	0.466526	0.465969	0.465958
	0.566696	0.479112	0.464762	0.464105	0.464092
	0.566705	0.478521	0.463096	0.462325	0.46231
	0.566712	0.478019	0.461525	0.460624	0.460605
	0.566717	0.477596	0.460043	0.458998	0.458975
	0.566721	0.477242	0.45865	0.457442	0.457414
	0.566723	0.476947	0.45734	0.455953	0.45592
	0.566725	0.476705	0.456113	0.454527	0.454488
	0.566726	0.476507	0.454964	0.453162	0.453115
	0.566727	0.476347	0.453892	0.451855	0.451798
	0.566727	0.476218	0.452893	0.450603	0.450535
	0.566727	0.476116	0.451964	0.449404	0.449322
	0.566727	0.476035	0.451104	0.448255	0.448158
	0.566727	0.475972	0.450309	0.447156	0.44704
	0.566727	0.475923	0.449577	0.446103	0.445966
	0.566727	0.475886	0.448905	0.445095	0.444934
	0.566727	0.475859	0.448289	0.444131	0.443942
	0.566727	0.475838	0.447728	0.44321	0.442988
	0.566727	0.475823	0.447218	0.442329	0.442071
	0.566727	0.475812	0.446756	0.441489	0.441189
	0.566727	0.475804	0.446339	0.440687	0.440341
	0.566726	0.475798	0.445965	0.439923	0.439525
	0.566726	0.475795	0.44563	0.439196	0.43874
	0.566726	0.475792	0.445332	0.438505	0.437985
	0.566726	0.475791	0.445068	0.437848	0.437259
	0.566726	0.47579	0.444834	0.437226	0.436561
	0.566726	0.475789	0.444629	0.436637	0.435889
	0.566726	0.475789	0.44445	0.43608	0.435242
	0.566726	0.475789	0.444294	0.435555	0.434621
	0.566726	0.475789	0.444159	0.43506	0.434023
	0.566726	0.475789	0.444043	0.434595	0.433449
	0.566726	0.475789	0.443944	0.434159	0.432897
	0.566726	0.475789	0.443859	0.433751	0.432367
	0.566726	0.475789	0.443787	0.43337	0.431857
	0.566726	0.475789	0.443727	0.433015	0.431369
	0.566725	0.475789	0.443676	0.432685	0.4309
	0.566725	0.475789	0.443634	0.432379	0.43045
	0.566725	0.475789	0.443599	0.432097	0.430019
	0.566725	0.475789	0.44357	0.431836	0.429606
	0.566725	0.475789	0.443546	0.431596	0.429211
	0.566724	0.475789	0.443527	0.431377	0.428834
	0.566724	0.475789	0.443512	0.431176	0.428473
	0.566724	0.475789	0.443499	0.430994	0.428129
	0.566723	0.475789	0.443489	0.430828	0.427801
	0.566723	0.475789	0.443481	0.430678	0.427489
	0.566723	0.475789	0.443475	0.430542	0.427192
	0.566722	0.475789	0.44347	0.43042	0.426909
	0.566721	0.475789	0.443467	0.430311	0.426642
	0.566721	0.475789	0.443464	0.430214	0.426388
	0.56672	0.475789	0.443462	0.430128	0.426148
	0.566719	0.475788	0.44346	0.430051	0.425921
	0.566717	0.475788	0.443459	0.429983	0.425707
	0.566715	0.475788	0.443458	0.429924	0.425505
	0.566713	0.475788	0.443457	0.429871	0.425316
	0.56671	0.475788	0.443456	0.429826	0.425137
	0.566705	0.475788	0.443456	0.429786	0.424969
	0.5667	0.475787	0.443455	0.429752	0.424813
	0.566693	0.475787	0.443455	0.429722	0.424663
	0.566687	0.475786	0.443454	0.429697	0.424531
	0.566666	0.475785	0.443454	0.429671	0.424365
	0.867482	0.86748	0.86748	0.86748	0.86748
	0.783098	0.783071	0.78307	0.78307	0.78307
	0.662834	0.662746	0.662745	0.662745	0.662745
	0.538334	0.538154	0.538151	0.538151	0.538151
	0.443761	0.443461	0.443456	0.443456	0.443456
	0.378595	0.378152	0.378145	0.378145	0.378145
	0.333311	0.332697	0.332688	0.332688	0.332688
	0.301362	0.300541	0.300529	0.300529	0.300529
	0.27863	0.277549	0.277533	0.277533	0.277533
	0.262152	0.260736	0.260716	0.260715	0.260715
	0.249865	0.248011	0.247986	0.247986	0.247986
	0.240444	0.238026	0.237995	0.237994	0.237994
	0.233076	0.229943	0.229905	0.229904	0.229904
	0.227253	0.22324	0.223193	0.223192	0.223192
	0.222639	0.217574	0.217516	0.217515	0.217515
	0.218997	0.212714	0.212643	0.212642	0.212641
	0.216149	0.208492	0.208405	0.208404	0.208404
	0.21395	0.204785	0.204681	0.204679	0.204678
	0.21228	0.201502	0.201374	0.201372	0.201372
	0.211037	0.19857	0.198414	0.198411	0.198411
	0.210135	0.195933	0.195742	0.195738	0.195738
	0.209502	0.193548	0.193313	0.193309	0.193309
	0.209074	0.19138	0.191092	0.191087	0.191087
	0.208802	0.189404	0.189049	0.189043	0.189043
	0.208644	0.187596	0.18716	0.187153	0.187153
	0.208568	0.185942	0.185406	0.185398	0.185397
	0.208547	0.184425	0.183772	0.183761	0.183761
	0.208561	0.183037	0.182243	0.182231	0.182231
	0.208596	0.181766	0.180809	0.180795	0.180795
	0.208642	0.180606	0.179461	0.179445	0.179444
	0.208691	0.179549	0.178191	0.178171	0.178171
	0.20874	0.178589	0.176992	0.176968	0.176967
	0.208785	0.177719	0.175858	0.175829	0.175828
	0.208825	0.176936	0.174785	0.174749	0.174749
	0.208858	0.176232	0.173768	0.173724	0.173723
	0.208887	0.175603	0.172803	0.17275	0.172749
	0.208909	0.175043	0.171887	0.171822	0.171821
	0.208927	0.174548	0.171017	0.170938	0.170937
	0.208942	0.174112	0.170192	0.170095	0.170094
	0.208952	0.17373	0.169408	0.169291	0.169289
	0.208961	0.173398	0.168664	0.168522	0.16852
	0.208966	0.173111	0.167958	0.167788	0.167785
	0.208971	0.172865	0.16729	0.167085	0.167082
	0.208974	0.172655	0.166656	0.166412	0.166409
	0.208976	0.172476	0.166058	0.165768	0.165764
	0.208977	0.172327	0.165492	0.165151	0.165146
	0.208978	0.172202	0.164959	0.164559	0.164553
	0.208979	0.172098	0.164457	0.163992	0.163985
	0.208979	0.172013	0.163986	0.163448	0.163439
	0.208979	0.171944	0.163545	0.162926	0.162916
	0.20898	0.171888	0.163131	0.162426	0.162413
	0.20898	0.171844	0.162746	0.161946	0.161929
	0.208979	0.171809	0.162388	0.161485	0.161465
	0.208979	0.171781	0.162055	0.161043	0.161019
	0.208979	0.17176	0.161748	0.160619	0.160589
	0.208979	0.171743	0.161464	0.160213	0.160176
	0.208979	0.171731	0.161203	0.159823	0.159779
	0.208979	0.171721	0.160965	0.15945	0.159397
	0.208979	0.171715	0.160747	0.159093	0.159029
	0.208979	0.17171	0.160549	0.158751	0.158675
	0.208979	0.171706	0.160369	0.158424	0.158335
	0.208979	0.171704	0.160207	0.158112	0.158007
	0.208979	0.171702	0.160062	0.157814	0.157691
	0.208979	0.171701	0.159932	0.15753	0.157387
	0.208979	0.1717	0.159816	0.15726	0.157094
	0.208979	0.1717	0.159713	0.157003	0.156813
	0.208979	0.171699	0.159623	0.15676	0.156541
	0.208979	0.171699	0.159543	0.156529	0.15628
	0.208979	0.171699	0.159474	0.15631	0.156029
	0.208979	0.171699	0.159413	0.156104	0.155787
	0.208979	0.171699	0.159361	0.155909	0.155554
	0.208979	0.171699	0.159316	0.155726	0.15533
	0.208979	0.171699	0.159278	0.155554	0.155114
	0.208979	0.171699	0.159245	0.155393	0.154907
	0.208979	0.171699	0.159217	0.155242	0.154708
	0.208979	0.171699	0.159194	0.155102	0.154516
	0.208979	0.171699	0.159175	0.154972	0.154333
	0.208979	0.171699	0.159158	0.154851	0.154156
	0.208978	0.171699	0.159145	0.154739	0.153987
	0.208978	0.171699	0.159134	0.154636	0.153825
	0.208978	0.171699	0.159125	0.154541	0.15367
	0.208978	0.171699	0.159118	0.154454	0.153521
	0.208978	0.171699	0.159112	0.154374	0.153379
	0.208978	0.171699	0.159107	0.154302	0.153243
	0.208978	0.171699	0.159103	0.154236	0.153114
	0.208978	0.171699	0.159101	0.154177	0.15299
	0.208977	0.171699	0.159098	0.154123	0.152873
	0.208977	0.171699	0.159096	0.154075	0.152761
	0.208977	0.171699	0.159095	0.154031	0.152655
	0.208977	0.171699	0.159094	0.153993	0.152554
	0.208976	0.171699	0.159093	0.153958	0.152459
	0.208976	0.171699	0.159092	0.153928	0.152368
	0.208975	0.171699	0.159092	0.153901	0.152283
	0.208974	0.171699	0.159092	0.153878	0.152202
	0.208973	0.171699	0.159091	0.153857	0.152126
	0.208971	0.171699	0.159091	0.153839	0.152055
	0.208969	0.171699	0.159091	0.153823	0.151987
	0.208967	0.171699	0.159091	0.153809	0.151922
	0.208963	0.171698	0.15909	0.153797	0.151858
	0.208953	0.171698	0.15909	0.153784	0.151782
