	0.127669	0.127669	0.127669	0.127669	0.127669
	0.122872	0.122872	0.122872	0.122872	0.122872
	0.0751453	0.0751453	0.0751453	0.0751453	0.0751453
	0.0419703	0.0419703	0.0419703	0.0419703	0.0419703
	0.0231197	0.0231198	0.0231198	0.0231198	0.0231198
	0.012828	0.0128284	0.0128284	0.0128284	0.0128284
	0.00726504	0.00726567	0.00726567	0.00726565	0.00726566
	0.00422013	0.0042212	0.0042212	0.00422116	0.00422119
	0.00250326	0.00250482	0.00250481	0.00250478	0.00250481
	0.00150118	0.0015033	0.00150328	0.00150328	0.00150328
	0.000898971	0.000901667	0.000901662	0.000901686	0.000901661
	0.000530279	0.000533526	0.000533518	0.000533545	0.000533517
	0.000303059	0.000306763	0.000306761	0.000306776	0.000306759
	0.000163759	0.000167767	0.000167784	0.000167787	0.000167782
	7.97968e-05	8.39547e-05	8.39913e-05	8.39863e-05	8.39885e-05
	3.07194e-05	3.48765e-05	3.49264e-05	3.49161e-05	3.49221e-05
	3.44962e-06	7.46003e-06	7.51948e-06	7.50807e-06	7.51453e-06
	-1.04331e-05	-6.69392e-06	-6.6303e-06	-6.63509e-06	-6.63369e-06
	-1.63243e-05	-1.29553e-05	-1.28958e-05	-1.28885e-05	-1.28965e-05
	-1.76888e-05	-1.47111e-05	-1.46563e-05	-1.46386e-05	-1.46549e-05
	-1.66522e-05	-1.4114e-05	-1.4055e-05	-1.40392e-05	-1.40538e-05
	-1.45085e-05	-1.24183e-05	-1.23523e-05	-1.2349e-05	-1.23526e-05
	-1.20147e-05	-1.035e-05	-1.02788e-05	-1.02895e-05	-1.02805e-05
	-9.5885e-06	-8.30228e-06	-8.23053e-06	-8.24684e-06	-8.2331e-06
	-7.43293e-06	-6.46284e-06	-6.39971e-06	-6.41079e-06	-6.40281e-06
	-5.62057e-06	-4.90806e-06	-4.85918e-06	-4.85932e-06	-4.86235e-06
	-4.15391e-06	-3.65591e-06	-3.61604e-06	-3.60729e-06	-3.61835e-06
	-3.0034e-06	-2.68226e-06	-2.64407e-06	-2.63305e-06	-2.64453e-06
	-2.12679e-06	-1.93873e-06	-1.9026e-06	-1.89574e-06	-1.90116e-06
	-1.47694e-06	-1.37706e-06	-1.34769e-06	-1.34852e-06	-1.34573e-06
	-1.00705e-06	-9.59849e-07	-9.38869e-07	-9.47233e-07	-9.38444e-07
	-6.74632e-07	-6.58323e-07	-6.42375e-07	-6.54711e-07	-6.44734e-07
	-4.43538e-07	-4.45768e-07	-4.31494e-07	-4.42365e-07	-4.36101e-07
	-2.85069e-07	-2.97237e-07	-2.85165e-07	-2.90102e-07	-2.89985e-07
	-1.78196e-07	-1.94217e-07	-1.86221e-07	-1.84512e-07	-1.89105e-07
	-1.08205e-07	-1.239e-07	-1.20417e-07	-1.1566e-07	-1.20536e-07
	-6.41155e-08	-7.66251e-08	-7.65085e-08	-7.41455e-08	-7.47607e-08
	-3.72779e-08	-4.50398e-08	-4.66745e-08	-5.02301e-08	-4.48249e-08
	-2.15221e-08	-2.40221e-08	-2.63561e-08	-3.51917e-08	-2.56822e-08
	-1.32518e-08	-1.04464e-08	-1.3224e-08	-2.32654e-08	-1.37134e-08
	-1.04402e-08	-2.59207e-09	-5.82576e-09	-1.24677e-08	-6.38645e-09
	-1.12763e-08	8.77756e-10	-2.6415e-09	-3.72983e-09	-1.99648e-09
	-1.37726e-08	2.00688e-09	-1.9476e-09	1.42147e-09	5.50352e-10
	-1.64516e-08	3.268e-09	-2.22098e-09	3.06451e-09	1.93042e-09
	-1.8952e-08	5.6762e-09	-2.55386e-09	2.08464e-09	2.55915e-09
	-2.16964e-08	7.95564e-09	-2.59398e-09	5.58464e-10	2.72663e-09
	-2.50646e-08	8.05436e-09	-2.06488e-09	6.88422e-10	2.61528e-09
	-2.89904e-08	5.55453e-09	-9.85921e-10	3.09639e-09	2.3776e-09
	-3.30638e-08	2.48991e-09	-1.66468e-10	6.95396e-09	2.12851e-09
	-3.65557e-08	1.35996e-09	-3.08235e-10	1.01595e-08	1.93444e-09
	-3.83468e-08	2.42302e-09	-1.41566e-09	1.11053e-08	1.80917e-09
	-3.74518e-08	3.57865e-09	-2.55835e-09	9.51266e-09	1.7296e-09
	-3.40165e-08	2.75215e-09	-2.95294e-09	6.31618e-09	1.65799e-09
	-2.93354e-08	5.52818e-10	-2.15605e-09	2.77269e-09	1.56496e-09
	-2.43168e-08	-7.57367e-10	-5.19294e-10	-4.86255e-10	1.44382e-09
	-1.82841e-08	-2.59398e-10	8.55734e-10	-3.48483e-09	1.30481e-09
	-1.01103e-08	3.69819e-10	1.15567e-09	-6.34719e-09	1.15109e-09
	-4.97521e-10	4.26708e-10	4.09274e-10	-8.49178e-09	9.6822e-10
	7.76829e-09	1.87635e-09	-6.10083e-10	-8.70749e-09	7.33737e-10
	1.23565e-08	5.05102e-09	-1.22735e-09	-6.11872e-09	4.34433e-10
	1.39829e-08	7.15997e-09	-9.86115e-10	-1.23465e-09	7.86569e-11
	1.54403e-08	6.7747e-09	1.06674e-10	4.04493e-09	-3.23025e-10
	1.83582e-08	4.99348e-09	1.58627e-09	7.27328e-09	-7.5704e-10
	2.21017e-08	4.24238e-09	2.73182e-09	7.28602e-09	-1.21582e-09
	2.65272e-08	7.08776e-09	3.15424e-09	4.70984e-09	-1.68754e-09
	3.36501e-08	1.02346e-08	3.00668e-09	1.61032e-09	-2.12265e-09
	4.49744e-08	9.47359e-09	2.92435e-09	1.62634e-10	-2.47442e-09
	5.99267e-08	8.05335e-09	3.27031e-09	1.47107e-09	-2.68847e-09
	7.72047e-08	8.70431e-09	3.73103e-09	4.59687e-09	-2.71808e-09
	9.3998e-08	1.21822e-08	3.76117e-09	7.15907e-09	-2.55512e-09
	1.08472e-07	1.69535e-08	3.52589e-09	6.99995e-09	-2.23214e-09
	1.286e-07	2.10803e-08	3.90082e-09	3.75287e-09	-1.81678e-09
	1.65301e-07	2.77526e-08	5.68041e-09	-1.45451e-09	-1.36635e-09
	2.30809e-07	4.39245e-08	8.84483e-09	-6.94512e-09	-8.415e-10
	4.0695e-07	7.10958e-08	1.21739e-08	-3.37845e-09	-2.02676e-10
	0.238366	0.238366	0.238366	0.238366	0.238366
	0.275325	0.275326	0.275326	0.275325	0.275326
	0.202939	0.202939	0.202939	0.202939	0.202939
	0.135206	0.135207	0.135206	0.135206	0.135206
	0.0872937	0.0872955	0.0872955	0.0872955	0.0872955
	0.0557421	0.0557453	0.0557453	0.0557453	0.0557453
	0.0356151	0.0356202	0.0356203	0.0356203	0.0356202
	0.0228718	0.0228794	0.0228794	0.0228794	0.0228794
	0.0147428	0.0147533	0.0147533	0.0147533	0.0147533
	0.00949811	0.0095117	0.00951174	0.00951171	0.00951173
	0.00608422	0.00610089	0.00610096	0.00610097	0.00610095
	0.00385299	0.0038725	0.00387257	0.00387259	0.00387256
	0.00239654	0.00241837	0.00241846	0.00241846	0.00241845
	0.00145206	0.00147547	0.0014756	0.0014756	0.00147559
	0.000846827	0.000870976	0.00087116	0.000871164	0.000871151
	0.000465777	0.00048984	0.000490069	0.000490076	0.000490056
	0.000231768	0.00025496	0.000255231	0.000255231	0.000255216
	9.30308e-05	0.000114676	0.000114986	0.000114977	0.000114973
	1.49725e-05	3.45691e-05	3.48969e-05	3.48888e-05	3.48902e-05
	-2.53668e-05	-8.0999e-06	-7.76969e-06	-7.76353e-06	-7.76979e-06
	-4.29833e-05	-2.82121e-05	-2.78735e-05	-2.78554e-05	-2.78716e-05
	-4.75382e-05	-3.52582e-05	-3.49139e-05	-3.48962e-05	-3.49142e-05
	-4.51121e-05	-3.51995e-05	-3.4855e-05	-3.48477e-05	-3.4858e-05
	-3.94244e-05	-3.16665e-05	-3.1322e-05	-3.13251e-05	-3.13264e-05
	-3.26608e-05	-2.67703e-05	-2.6441e-05	-2.64465e-05	-2.64461e-05
	-2.60231e-05	-2.16785e-05	-2.13888e-05	-2.13903e-05	-2.13953e-05
	-2.0103e-05	-1.70062e-05	-1.67606e-05	-1.67571e-05	-1.67685e-05
	-1.51304e-05	-1.30227e-05	-1.28069e-05	-1.28008e-05	-1.28145e-05
	-1.11304e-05	-9.77417e-06	-9.58261e-06	-9.57556e-06	-9.58758e-06
	-8.02155e-06	-7.20074e-06	-7.03935e-06	-7.03219e-06	-7.04169e-06
	-5.67511e-06	-5.21139e-06	-5.0831e-06	-5.07749e-06	-5.08573e-06
	-3.94919e-06	-3.71057e-06	-3.60896e-06	-3.60704e-06	-3.61572e-06
	-2.70703e-06	-2.60526e-06	-2.51919e-06	-2.52133e-06	-2.5317e-06
	-1.8292e-06	-1.80524e-06	-1.72977e-06	-1.73344e-06	-1.74577e-06
	-1.22028e-06	-1.23428e-06	-1.1703e-06	-1.17186e-06	-1.18482e-06
	-8.0772e-07	-8.33006e-07	-7.81872e-07	-7.79617e-07	-7.90432e-07
	-5.35723e-07	-5.55757e-07	-5.15895e-07	-5.1137e-07	-5.17301e-07
	-3.60929e-07	-3.67756e-07	-3.34514e-07	-3.30912e-07	-3.31065e-07
	-2.51586e-07	-2.4223e-07	-2.11003e-07	-2.10228e-07	-2.06156e-07
	-1.86626e-07	-1.58777e-07	-1.28296e-07	-1.29284e-07	-1.23848e-07
	-1.52233e-07	-1.03727e-07	-7.5565e-08	-7.50694e-08	-7.06449e-08
	-1.37844e-07	-6.91799e-08	-4.47037e-08	-3.95518e-08	-3.69856e-08
	-1.34654e-07	-4.89231e-08	-2.86004e-08	-1.72348e-08	-1.62369e-08
	-1.36726e-07	-3.60151e-08	-2.12828e-08	-4.12732e-09	-3.89998e-09
	-1.41926e-07	-2.52587e-08	-1.85225e-08	3.07417e-09	3.02278e-09
	-1.50579e-07	-1.59188e-08	-1.76283e-08	6.92923e-09	6.49916e-09
	-1.62752e-07	-1.01865e-08	-1.65648e-08	9.58869e-09	7.86092e-09
	-1.76636e-07	-8.9735e-09	-1.41807e-08	1.20051e-08	7.99614e-09
	-1.89108e-07	-9.74184e-09	-1.11953e-08	1.41628e-08	7.49943e-09
	-1.97133e-07	-8.57245e-09	-9.37846e-09	1.51541e-08	6.73977e-09
	-1.98432e-07	-4.12512e-09	-9.95728e-09	1.42586e-08	5.91494e-09
	-1.9171e-07	6.51911e-10	-1.21216e-08	1.14769e-08	5.1102e-09
	-1.77336e-07	1.32304e-09	-1.38041e-08	7.58659e-09	4.34589e-09
	-1.57288e-07	-2.52374e-09	-1.29507e-08	3.62147e-09	3.6094e-09
	-1.32858e-07	-5.84575e-09	-9.26648e-09	1.34068e-10	2.87273e-09
	-1.02417e-07	-4.29992e-09	-4.60067e-09	-2.99916e-09	2.10915e-09
	-6.35687e-08	-9.19723e-10	-1.29524e-09	-6.18267e-09	1.28403e-09
	-1.85315e-08	-5.86516e-10	-5.02865e-10	-9.17916e-09	3.65464e-10
	2.47487e-08	-1.65456e-10	-1.47561e-09	-1.07801e-08	-6.64736e-10
	5.92889e-08	4.91349e-09	-2.64569e-09	-9.55816e-09	-1.80568e-09
	8.55361e-08	1.05829e-08	-2.59644e-09	-5.14403e-09	-3.0285e-09
	1.10805e-07	1.21648e-08	-6.65922e-10	1.25138e-09	-4.29998e-09
	1.41848e-07	9.60148e-09	2.77942e-09	7.35254e-09	-5.57332e-09
	1.81177e-07	5.91837e-09	6.47945e-09	1.13332e-08	-6.79301e-09
	2.2987e-07	1.08134e-08	8.98928e-09	1.22362e-08	-7.88937e-09
	2.8838e-07	2.43527e-08	9.7263e-09	1.02928e-08	-8.75947e-09
	3.54171e-07	3.37899e-08	9.8585e-09	6.59246e-09	-9.30726e-09
	4.27584e-07	3.98572e-08	1.11414e-08	2.91551e-09	-9.4513e-09
	5.15926e-07	4.90616e-08	1.37924e-08	-2.23887e-11	-9.14765e-09
	6.18586e-07	6.5716e-08	1.62688e-08	-2.65193e-09	-8.41208e-09
	7.3391e-07	9.18528e-08	1.77052e-08	-5.64761e-09	-7.30453e-09
	8.8033e-07	1.24058e-07	1.95821e-08	-8.58365e-09	-5.90854e-09
	1.08865e-06	1.61495e-07	2.45131e-08	-9.72126e-09	-4.28023e-09
	1.33983e-06	2.11416e-07	3.3204e-08	-1.24582e-08	-2.38355e-09
	1.74223e-06	2.66127e-07	4.17612e-08	-5.98187e-09	-3.98288e-10
	0.18184	0.18184	0.18184	0.18184	0.18184
	0.279907	0.279907	0.279907	0.279907	0.279907
	0.257502	0.257504	0.257504	0.257504	0.257504
	0.204685	0.204688	0.204688	0.204688	0.204688
	0.151897	0.151903	0.151903	0.151903	0.151903
	0.108277	0.108286	0.108286	0.108286	0.108286
	0.0753725	0.0753862	0.0753862	0.0753863	0.0753862
	0.0516969	0.0517166	0.0517166	0.0517166	0.0517166
	0.0350622	0.0350886	0.0350887	0.0350887	0.0350887
	0.0235283	0.0235619	0.023562	0.0235619	0.023562
	0.0156052	0.0156459	0.0156461	0.015646	0.0156461
	0.0102081	0.0102552	0.0102555	0.0102554	0.0102554
	0.00656487	0.00661721	0.00661749	0.00661749	0.00661747
	0.00413182	0.00418776	0.0041881	0.0041881	0.00418809
	0.00252811	0.00258577	0.00258619	0.0025862	0.00258618
	0.00148806	0.00154552	0.00154602	0.00154605	0.00154601
	0.000827197	0.000882631	0.000883216	0.000883237	0.000883203
	0.000418201	0.000470062	0.000470725	0.000470724	0.000470709
	0.000173933	0.000221028	0.000221765	0.000221742	0.000221749
	3.5343e-05	7.68996e-05	7.76806e-05	7.76539e-05	7.76707e-05
	-3.71081e-05	-1.44483e-06	-6.45077e-07	-6.52971e-07	-6.47276e-07
	-6.95051e-05	-3.97175e-05	-3.89209e-05	-3.89046e-05	-3.89188e-05
	-7.87235e-05	-5.45329e-05	-5.37554e-05	-5.37256e-05	-5.37534e-05
	-7.54482e-05	-5.63602e-05	-5.56139e-05	-5.55872e-05	-5.56138e-05
	-6.62479e-05	-5.16373e-05	-5.09289e-05	-5.09145e-05	-5.09308e-05
	-5.50034e-05	-4.41594e-05	-4.35078e-05	-4.35061e-05	-4.35125e-05
	-4.38675e-05	-3.60651e-05	-3.54899e-05	-3.54967e-05	-3.54997e-05
	-3.39088e-05	-2.84805e-05	-2.79849e-05	-2.79945e-05	-2.80012e-05
	-2.55437e-05	-2.19127e-05	-2.14877e-05	-2.14936e-05	-2.15092e-05
	-1.88199e-05	-1.64998e-05	-1.61403e-05	-1.61373e-05	-1.61638e-05
	-1.35987e-05	-1.2191e-05	-1.18954e-05	-1.18829e-05	-1.19181e-05
	-9.66049e-06	-8.85317e-06	-8.6168e-06	-8.60007e-06	-8.63841e-06
	-6.76406e-06	-6.33023e-06	-6.13916e-06	-6.12684e-06	-6.16178e-06
	-4.68085e-06	-4.46307e-06	-4.30196e-06	-4.30022e-06	-4.32759e-06
	-3.21307e-06	-3.10504e-06	-2.96462e-06	-2.97285e-06	-2.99261e-06
	-2.1998e-06	-2.13467e-06	-2.01031e-06	-2.02137e-06	-2.03653e-06
	-1.51509e-06	-1.45509e-06	-1.3435e-06	-1.34834e-06	-1.36238e-06
	-1.06305e-06	-9.88702e-07	-8.86572e-07	-8.79698e-07	-8.94266e-07
	-7.72709e-07	-6.74076e-07	-5.78053e-07	-5.59962e-07	-5.74212e-07
	-5.92995e-07	-4.63907e-07	-3.72048e-07	-3.47378e-07	-3.58855e-07
	-4.87591e-07	-3.23267e-07	-2.36602e-07	-2.10044e-07	-2.16399e-07
	-4.30689e-07	-2.28805e-07	-1.50144e-07	-1.23272e-07	-1.23963e-07
	-4.04421e-07	-1.66826e-07	-9.75275e-08	-6.84208e-08	-6.53587e-08
	-3.97509e-07	-1.28603e-07	-6.7557e-08	-3.31728e-08	-2.93079e-08
	-4.03779e-07	-1.05916e-07	-5.20955e-08	-1.0093e-08	-8.05555e-09
	-4.19739e-07	-9.04425e-08	-4.55205e-08	4.03585e-09	3.61858e-09
	-4.41758e-07	-7.65975e-08	-4.37479e-08	1.06471e-08	9.25171e-09
	-4.64356e-07	-6.34551e-08	-4.32513e-08	1.12792e-08	1.12007e-08
	-4.80916e-07	-5.27021e-08	-4.13523e-08	8.06752e-09	1.1042e-08
	-4.86245e-07	-4.46541e-08	-3.75157e-08	3.56498e-09	9.80303e-09
	-4.78431e-07	-3.72405e-08	-3.32373e-08	-3.27462e-10	8.09501e-09
	-4.57981e-07	-2.88555e-08	-3.04882e-08	-2.9313e-09	6.2208e-09
	-4.2546e-07	-2.12611e-08	-2.96182e-08	-4.48943e-09	4.29964e-09
	-3.80359e-07	-1.77213e-08	-2.9234e-08	-5.38496e-09	2.38446e-09
	-3.2168e-07	-1.77792e-08	-2.74109e-08	-5.60116e-09	5.10922e-10
	-2.48939e-07	-1.57972e-08	-2.31815e-08	-5.00236e-09	-1.26839e-09
	-1.63403e-07	-8.89794e-09	-1.7225e-08	-3.87861e-09	-2.96151e-09
	-6.94405e-08	-2.95447e-09	-1.12383e-08	-3.06299e-09	-4.63072e-09
	2.63651e-08	-2.52438e-09	-6.65268e-09	-3.2803e-09	-6.35149e-09
	1.19343e-07	-2.55158e-09	-3.76477e-09	-4.37285e-09	-8.15122e-09
	2.09578e-07	1.78107e-09	-2.08219e-09	-5.25831e-09	-9.9783e-09
	3.02012e-07	9.75135e-09	-7.14759e-10	-4.69482e-09	-1.17247e-08
	4.0438e-07	1.81357e-08	1.37251e-09	-1.95394e-09	-1.32814e-08
	5.25199e-07	2.12906e-08	4.922e-09	2.60053e-09	-1.45738e-08
	6.69624e-07	2.45904e-08	9.45406e-09	6.9359e-09	-1.5565e-08
	8.33745e-07	4.10551e-08	1.34145e-08	8.38525e-09	-1.62325e-08
	1.00705e-06	6.68396e-08	1.59257e-08	5.24594e-09	-1.65009e-08
	1.18977e-06	9.44572e-08	1.83975e-08	-1.9484e-09	-1.6248e-08
	1.39922e-06	1.26218e-07	2.31723e-08	-1.0686e-08	-1.53508e-08
	1.6513e-06	1.63638e-07	3.06871e-08	-1.77696e-08	-1.37573e-08
	1.9576e-06	2.14027e-07	3.90817e-08	-2.09166e-08	-1.15458e-08
	2.33523e-06	2.87811e-07	4.70143e-08	-1.95664e-08	-8.88668e-09
	2.81001e-06	3.78922e-07	5.56314e-08	-1.2918e-08	-5.96279e-09
	3.32283e-06	4.70628e-07	6.65213e-08	-6.06014e-09	-2.92476e-09
	3.77747e-06	5.3014e-07	7.61054e-08	-2.68033e-10	-2.15935e-10
	0.115615	0.115615	0.115615	0.115615	0.115615
	0.224761	0.224762	0.224762	0.224762	0.224762
	0.243503	0.243506	0.243506	0.243506	0.243506
	0.218666	0.218671	0.218671	0.218671	0.218671
	0.17842	0.178429	0.178429	0.178429	0.178429
	0.137247	0.137261	0.137261	0.137261	0.137261
	0.101546	0.101568	0.101568	0.101568	0.101568
	0.0731006	0.0731315	0.0731315	0.0731316	0.0731315
	0.0515232	0.0515641	0.0515642	0.0515643	0.0515642
	0.035669	0.0357207	0.0357208	0.0357208	0.0357208
	0.0242848	0.024347	0.0243472	0.0243472	0.0243472
	0.0162583	0.0163299	0.0163302	0.0163302	0.0163302
	0.0106886	0.0107678	0.0107682	0.0107682	0.0107682
	0.00688196	0.00696648	0.00696699	0.006967	0.00696697
	0.00432074	0.0044078	0.00440843	0.00440842	0.00440841
	0.00262668	0.00271341	0.00271416	0.00271415	0.00271414
	0.00152794	0.00161167	0.00161253	0.00161254	0.00161253
	0.000831959	0.000910401	0.000911362	0.00091137	0.000911352
	0.0004041	0.000475473	0.000476524	0.000476523	0.000476511
	0.000151465	0.000214598	0.000215707	0.000215697	0.000215694
	1.08316e-05	6.51502e-05	6.62881e-05	6.62784e-05	6.62793e-05
	-6.01592e-05	-1.47167e-05	-1.35672e-05	-1.35676e-05	-1.35716e-05
	-8.94461e-05	-5.2426e-05	-5.13056e-05	-5.12971e-05	-5.13091e-05
	-9.5028e-05	-6.56898e-05	-6.46301e-05	-6.46187e-05	-6.46367e-05
	-8.8232e-05	-6.56346e-05	-6.46542e-05	-6.46454e-05	-6.46653e-05
	-7.59453e-05	-5.90482e-05	-5.81577e-05	-5.81528e-05	-5.81738e-05
	-6.21628e-05	-4.99058e-05	-4.91174e-05	-4.91158e-05	-4.91398e-05
	-4.90355e-05	-4.04162e-05	-3.97363e-05	-3.97398e-05	-3.97681e-05
	-3.75726e-05	-3.17064e-05	-3.11303e-05	-3.1141e-05	-3.11737e-05
	-2.81078e-05	-2.42537e-05	-2.37709e-05	-2.37887e-05	-2.38248e-05
	-2.06042e-05	-1.81652e-05	-1.77657e-05	-1.77872e-05	-1.78259e-05
	-1.48446e-05	-1.33566e-05	-1.30308e-05	-1.30518e-05	-1.30923e-05
	-1.0544e-05	-9.66036e-06	-9.39539e-06	-9.41399e-06	-9.45474e-06
	-7.41073e-06	-6.88414e-06	-6.66357e-06	-6.68081e-06	-6.72015e-06
	-5.17795e-06	-4.84089e-06	-4.64855e-06	-4.66659e-06	-4.70297e-06
	-3.61889e-06	-3.36567e-06	-3.18883e-06	-3.20776e-06	-3.24018e-06
	-2.55202e-06	-2.32051e-06	-2.15202e-06	-2.16807e-06	-2.19623e-06
	-1.83824e-06	-1.59327e-06	-1.43159e-06	-1.43841e-06	-1.46261e-06
	-1.37331e-06	-1.09641e-06	-9.4195e-07	-9.33998e-07	-9.54936e-07
	-1.0798e-06	-7.63498e-07	-6.15503e-07	-5.90797e-07	-6.09085e-07
	-9.01435e-07	-5.43602e-07	-4.01457e-07	-3.61729e-07	-3.7734e-07
	-7.9939e-07	-3.98253e-07	-2.63927e-07	-2.12809e-07	-2.24868e-07
	-7.48592e-07	-3.01432e-07	-1.78273e-07	-1.19418e-07	-1.26679e-07
	-7.33012e-07	-2.37395e-07	-1.27178e-07	-6.305e-08	-6.51157e-08
	-7.41074e-07	-1.95571e-07	-9.83024e-08	-3.06049e-08	-2.78879e-08
	-7.62931e-07	-1.67073e-07	-8.33825e-08	-1.29665e-08	-6.54671e-09
	-7.89709e-07	-1.45003e-07	-7.72136e-08	-4.3358e-09	4.57961e-09
	-8.13414e-07	-1.2569e-07	-7.58017e-08	-1.26187e-09	9.27405e-09
	-8.26925e-07	-1.08422e-07	-7.52166e-08	-1.63419e-09	1.00562e-08
	-8.24831e-07	-9.37244e-08	-7.24417e-08	-4.02149e-09	8.61902e-09
	-8.04903e-07	-8.15154e-08	-6.68254e-08	-7.30558e-09	6.07999e-09
	-7.67932e-07	-7.02015e-08	-6.00654e-08	-1.06201e-08	3.11635e-09
	-7.14764e-07	-5.80454e-08	-5.42634e-08	-1.33928e-08	7.43343e-11
	-6.43445e-07	-4.66532e-08	-5.01477e-08	-1.52833e-08	-2.90526e-09
	-5.50235e-07	-4.01662e-08	-4.67537e-08	-1.60001e-08	-5.73338e-09
	-4.33866e-07	-3.77658e-08	-4.24744e-08	-1.53099e-08	-8.36127e-09
	-2.9829e-07	-3.21623e-08	-3.64158e-08	-1.32769e-08	-1.07299e-08
	-1.50415e-07	-2.15996e-08	-2.89507e-08	-1.04156e-08	-1.28379e-08
	5.40611e-09	-1.26708e-08	-2.13145e-08	-7.46709e-09	-1.47501e-08
	1.70251e-07	-7.38529e-09	-1.45858e-08	-4.99513e-09	-1.65466e-08
	3.47813e-07	-1.04085e-09	-9.23291e-09	-3.27757e-09	-1.82576e-08
	5.39991e-07	1.00372e-08	-5.26754e-09	-2.54004e-09	-1.9825e-08
	7.48456e-07	2.77917e-08	-2.09985e-09	-2.7619e-09	-2.11272e-08
	9.77775e-07	4.69423e-08	1.60516e-09	-3.67318e-09	-2.20332e-08
	1.23191e-06	6.29425e-08	7.06168e-09	-4.73445e-09	-2.24588e-08
	1.51e-06	8.51535e-08	1.38412e-08	-5.85927e-09	-2.23852e-08
	1.81044e-06	1.19347e-07	1.99766e-08	-7.18191e-09	-2.18343e-08
	2.13622e-06	1.62265e-07	2.46607e-08	-9.0108e-09	-2.08158e-08
	2.49774e-06	2.14538e-07	3.01633e-08	-1.11634e-08	-1.92823e-08
	2.91647e-06	2.75114e-07	3.96619e-08	-1.29737e-08	-1.71531e-08
	3.41762e-06	3.47067e-07	5.35634e-08	-1.3776e-08	-1.43689e-08
	4.0122e-06	4.45479e-07	6.92962e-08	-1.34399e-08	-1.09728e-08
	4.70851e-06	5.75332e-07	8.43845e-08	-1.10274e-08	-7.16839e-09
	5.41613e-06	7.06369e-07	9.77514e-08	-5.07492e-09	-3.37209e-09
	5.87772e-06	7.74329e-07	1.06242e-07	1.78565e-09	-4.28213e-10
	0.0707185	0.0707186	0.0707185	0.0707185	0.0707185
	0.160375	0.160376	0.160376	0.160376	0.160376
	0.19365	0.193653	0.193653	0.193653	0.193653
	0.18898	0.188986	0.188986	0.188986	0.188986
	0.164869	0.16488	0.16488	0.16488	0.16488
	0.13403	0.134047	0.134047	0.134047	0.134047
	0.103784	0.10381	0.10381	0.10381	0.10381
	0.0775449	0.0775809	0.077581	0.077581	0.0775809
	0.0563452	0.0563925	0.0563926	0.0563927	0.0563926
	0.0400015	0.0400607	0.0400608	0.0400609	0.0400608
	0.0278196	0.0278904	0.0278906	0.0278907	0.0278906
	0.018974	0.0190553	0.0190556	0.0190556	0.0190556
	0.0126888	0.0127786	0.012779	0.012779	0.012779
	0.00830808	0.00840361	0.00840416	0.00840416	0.00840413
	0.00531009	0.00540836	0.00540903	0.00540902	0.005409
	0.00329608	0.00339392	0.00339471	0.0033947	0.00339469
	0.00196978	0.00206421	0.00206513	0.00206512	0.00206511
	0.00111597	0.00120442	0.00120544	0.00120544	0.00120543
	0.000581138	0.000661639	0.000662756	0.000662761	0.000662741
	0.00025767	0.000328924	0.000330095	0.000330094	0.000330076
	7.13014e-05	0.000132669	0.000133852	0.000133843	0.00013383
	-2.83686e-05	2.30345e-05	2.42079e-05	2.41968e-05	2.41846e-05
	-7.50104e-05	-3.30747e-05	-3.19426e-05	-3.19519e-05	-3.19681e-05
	-9.06051e-05	-5.73026e-05	-5.62404e-05	-5.62477e-05	-5.62715e-05
	-8.91887e-05	-6.34481e-05	-6.24809e-05	-6.24906e-05	-6.25216e-05
	-7.9457e-05	-6.01024e-05	-5.92432e-05	-5.92583e-05	-5.92948e-05
	-6.65809e-05	-5.24302e-05	-5.16857e-05	-5.1706e-05	-5.17482e-05
	-5.34601e-05	-4.33954e-05	-4.27692e-05	-4.27952e-05	-4.28432e-05
	-4.15652e-05	-3.45946e-05	-3.40804e-05	-3.4115e-05	-3.41679e-05
	-3.15025e-05	-2.6795e-05	-2.63756e-05	-2.64212e-05	-2.64777e-05
	-2.33855e-05	-2.02745e-05	-1.99291e-05	-1.99848e-05	-2.0044e-05
	-1.70706e-05	-1.50387e-05	-1.47513e-05	-1.4812e-05	-1.48735e-05
	-1.23011e-05	-1.09615e-05	-1.07201e-05	-1.0779e-05	-1.08425e-05
	-8.78993e-06	-7.86787e-06	-7.65945e-06	-7.71093e-06	-7.77526e-06
	-6.26384e-06	-5.57495e-06	-5.38332e-06	-5.4254e-06	-5.48887e-06
	-4.48451e-06	-3.91194e-06	-3.72108e-06	-3.75439e-06	-3.81497e-06
	-3.25669e-06	-2.72929e-06	-2.52877e-06	-2.55352e-06	-2.60951e-06
	-2.4274e-06	-1.90224e-06	-1.69106e-06	-1.70427e-06	-1.75486e-06
	-1.88028e-06	-1.33287e-06	-1.11682e-06	-1.11276e-06	-1.15816e-06
	-1.52873e-06	-9.48625e-07	-7.33527e-07	-7.07034e-07	-7.47981e-07
	-1.31026e-06	-6.95609e-07	-4.84073e-07	-4.33795e-07	-4.70572e-07
	-1.18209e-06	-5.31778e-07	-3.25634e-07	-2.54608e-07	-2.86255e-07
	-1.11615e-06	-4.24764e-07	-2.27953e-07	-1.41993e-07	-1.66285e-07
	-1.09341e-06	-3.51835e-07	-1.70102e-07	-7.54748e-08	-9.01749e-08
	-1.09872e-06	-2.98789e-07	-1.37305e-07	-3.95532e-08	-4.3518e-08
	-1.11848e-06	-2.5784e-07	-1.19441e-07	-2.22423e-08	-1.63113e-08
	-1.14108e-06	-2.25129e-07	-1.10508e-07	-1.51964e-08	-1.71615e-09
	-1.15776e-06	-1.98035e-07	-1.07208e-07	-1.32298e-08	4.82767e-09
	-1.16221e-06	-1.74125e-07	-1.06683e-07	-1.36788e-08	6.33328e-09
	-1.14957e-06	-1.5242e-07	-1.05572e-07	-1.53764e-08	4.80433e-09
	-1.11678e-06	-1.33717e-07	-1.01257e-07	-1.76841e-08	1.61439e-09
	-1.06343e-06	-1.18117e-07	-9.35033e-08	-1.9937e-08	-2.29886e-09
	-9.90318e-07	-1.02832e-07	-8.42001e-08	-2.14775e-08	-6.35061e-09
	-8.9586e-07	-8.58278e-08	-7.54707e-08	-2.1928e-08	-1.02519e-08
	-7.75221e-07	-7.09918e-08	-6.81293e-08	-2.12608e-08	-1.38841e-08
	-6.24646e-07	-6.31917e-08	-6.16003e-08	-1.96169e-08	-1.72157e-08
	-4.46115e-07	-5.79904e-08	-5.47927e-08	-1.7202e-08	-2.01746e-08
	-2.45727e-07	-4.75426e-08	-4.70482e-08	-1.43685e-08	-2.26823e-08
	-2.69163e-08	-3.32879e-08	-3.85283e-08	-1.16141e-08	-2.47135e-08
	2.13112e-07	-2.02428e-08	-2.98637e-08	-9.35119e-09	-2.63251e-08
	4.79247e-07	-8.40481e-09	-2.16422e-08	-7.86373e-09	-2.76193e-08
	7.72351e-07	4.97028e-09	-1.43733e-08	-7.42125e-09	-2.86663e-08
	1.0898e-06	2.53998e-08	-8.50538e-09	-8.10693e-09	-2.94488e-08
	1.42903e-06	5.47966e-08	-3.65866e-09	-9.80459e-09	-2.98593e-08
	1.78795e-06	8.63538e-08	1.94613e-09	-1.17042e-08	-2.97466e-08
	2.17035e-06	1.21082e-07	9.99359e-09	-1.30013e-08	-2.89952e-08
	2.59173e-06	1.66341e-07	1.98441e-08	-1.36209e-08	-2.75859e-08
	3.06099e-06	2.21009e-07	2.89678e-08	-1.40964e-08	-2.56016e-08
	3.58096e-06	2.86477e-07	3.67454e-08	-1.50453e-08	-2.31575e-08
	4.1595e-06	3.67088e-07	4.62566e-08	-1.65119e-08	-2.03049e-08
	4.81625e-06	4.61678e-07	6.11322e-08	-1.75829e-08	-1.69796e-08
	5.5653e-06	5.76468e-07	8.12585e-08	-1.70849e-08	-1.30826e-08
	6.397e-06	7.18256e-07	1.02564e-07	-1.42969e-08	-8.65651e-09
	7.19682e-06	8.64014e-07	1.19584e-07	-6.85574e-09	-4.22264e-09
	7.65895e-06	9.34541e-07	1.27015e-07	2.98268e-09	-1.09212e-09
	0.0405505	0.0405506	0.0405506	0.0405506	0.0405506
	0.101082	0.101083	0.101083	0.101083	0.101083
	0.130788	0.13079	0.13079	0.13079	0.13079
	0.134907	0.134912	0.134912	0.134912	0.134912
	0.123207	0.123217	0.123217	0.123217	0.123217
	0.104073	0.104089	0.104089	0.104089	0.104089
	0.0832062	0.0832293	0.0832293	0.0832293	0.0832293
	0.0638426	0.0638746	0.0638746	0.0638746	0.0638746
	0.0474252	0.047467	0.047467	0.047467	0.047467
	0.0342982	0.0343502	0.0343503	0.0343503	0.0343503
	0.0242321	0.024294	0.0242942	0.0242942	0.0242942
	0.0167564	0.0168271	0.0168273	0.0168273	0.0168273
	0.0113468	0.0114246	0.0114249	0.0114249	0.0114249
	0.00751907	0.00760156	0.00760199	0.00760199	0.00760195
	0.00486552	0.00495011	0.00495063	0.00495063	0.0049506
	0.0030622	0.00314619	0.0031468	0.00314678	0.00314676
	0.00186158	0.00194243	0.00194312	0.0019431	0.00194308
	0.00107999	0.00115553	0.00115628	0.00115626	0.00115625
	0.000584305	0.000652871	0.000653681	0.000653666	0.000653651
	0.000279946	0.000340463	0.000341309	0.000341294	0.000341273
	0.000100935	0.000152919	0.000153762	0.000153741	0.000153717
	2.04036e-06	4.55347e-05	4.63353e-05	4.63072e-05	4.62806e-05
	-4.71366e-05	-1.17278e-05	-1.09916e-05	-1.10256e-05	-1.10568e-05
	-6.67179e-05	-3.86271e-05	-3.79744e-05	-3.80144e-05	-3.80499e-05
	-6.9649e-05	-4.79203e-05	-4.73623e-05	-4.74106e-05	-4.74523e-05
	-6.40356e-05	-4.76397e-05	-4.71793e-05	-4.72401e-05	-4.72874e-05
	-5.47736e-05	-4.26862e-05	-4.2323e-05	-4.23961e-05	-4.24496e-05
	-4.46654e-05	-3.59323e-05	-3.56645e-05	-3.57468e-05	-3.58082e-05
	-3.51874e-05	-2.89728e-05	-2.87912e-05	-2.88806e-05	-2.89506e-05
	-2.7007e-05	-2.26167e-05	-2.25023e-05	-2.25986e-05	-2.26764e-05
	-2.03212e-05	-1.72052e-05	-1.71316e-05	-1.72353e-05	-1.7319e-05
	-1.50706e-05	-1.28103e-05	-1.27528e-05	-1.28623e-05	-1.29498e-05
	-1.1074e-05	-9.36383e-06	-9.30465e-06	-9.4151e-06	-9.50463e-06
	-8.10981e-06	-6.73774e-06	-6.66522e-06	-6.76881e-06	-6.85893e-06
	-5.96139e-06	-4.78753e-06	-4.6929e-06	-4.78151e-06	-4.87123e-06
	-4.43718e-06	-3.37404e-06	-3.24922e-06	-3.31752e-06	-3.40586e-06
	-3.37708e-06	-2.37334e-06	-2.21177e-06	-2.25812e-06	-2.34373e-06
	-2.65284e-06	-1.67987e-06	-1.48042e-06	-1.50479e-06	-1.58594e-06
	-2.16619e-06	-1.20789e-06	-9.77274e-07	-9.7852e-07	-1.05351e-06
	-1.84542e-06	-8.9263e-07	-6.41997e-07	-6.1761e-07	-6.85153e-07
	-1.64034e-06	-6.87329e-07	-4.26851e-07	-3.7519e-07	-4.34383e-07
	-1.51653e-06	-5.56854e-07	-2.94267e-07	-2.16772e-07	-2.66637e-07
	-1.4497e-06	-4.73263e-07	-2.16278e-07	-1.17725e-07	-1.567e-07
	-1.42152e-06	-4.15474e-07	-1.73276e-07	-6.03635e-08	-8.65061e-08
	-1.41726e-06	-3.70241e-07	-1.51522e-07	-3.12408e-08	-4.32927e-08
	-1.42483e-06	-3.31488e-07	-1.41192e-07	-1.98624e-08	-1.81217e-08
	-1.43454e-06	-2.97211e-07	-1.36076e-07	-1.81103e-08	-4.78969e-09
	-1.4389e-06	-2.6608e-07	-1.33486e-07	-2.03984e-08	9.55172e-10
	-1.43202e-06	-2.3645e-07	-1.3258e-07	-2.36041e-08	1.91712e-09
	-1.40893e-06	-2.07956e-07	-1.32003e-07	-2.65456e-08	-8.36186e-11
	-1.36577e-06	-1.82338e-07	-1.29338e-07	-2.89689e-08	-3.83102e-09
	-1.30072e-06	-1.61659e-07	-1.22803e-07	-3.06429e-08	-8.45815e-09
	-1.21358e-06	-1.45361e-07	-1.12779e-07	-3.10486e-08	-1.33085e-08
	-1.10286e-06	-1.29069e-07	-1.01264e-07	-2.97413e-08	-1.79606e-08
	-9.63879e-07	-1.09818e-07	-9.01453e-08	-2.68154e-08	-2.22388e-08
	-7.91316e-07	-9.07662e-08	-8.01717e-08	-2.29762e-08	-2.60878e-08
	-5.83331e-07	-7.50372e-08	-7.10894e-08	-1.90628e-08	-2.9494e-08
	-3.4148e-07	-6.02113e-08	-6.22876e-08	-1.58606e-08	-3.23853e-08
	-6.69197e-08	-4.4656e-08	-5.33807e-08	-1.39005e-08	-3.46541e-08
	2.41179e-07	-2.93287e-08	-4.43362e-08	-1.31942e-08	-3.62409e-08
	5.8317e-07	-1.35185e-08	-3.51662e-08	-1.31886e-08	-3.719e-08
	9.56739e-07	4.40625e-09	-2.59261e-08	-1.32818e-08	-3.76296e-08
	1.35862e-06	2.87883e-08	-1.72165e-08	-1.34287e-08	-3.76923e-08
	1.78617e-06	6.39736e-08	-9.93448e-09	-1.38304e-08	-3.74302e-08
	2.23693e-06	1.0522e-07	-3.6659e-09	-1.4607e-08	-3.67693e-08
	2.71644e-06	1.49326e-07	3.98677e-09	-1.56735e-08	-3.55417e-08
	3.24278e-06	2.02451e-07	1.49702e-08	-1.68712e-08	-3.35866e-08
	3.82621e-06	2.64195e-07	2.81816e-08	-1.82659e-08	-3.08697e-08
	4.46418e-06	3.32428e-07	4.05959e-08	-2.00482e-08	-2.75256e-08
	5.16069e-06	4.18923e-07	5.18015e-08	-2.20895e-08	-2.37581e-08
	5.91861e-06	5.25859e-07	6.52774e-08	-2.34959e-08	-1.97027e-08
	6.75187e-06	6.48092e-07	8.43294e-08	-2.28093e-08	-1.53126e-08
	7.64163e-06	7.84289e-07	1.07459e-07	-1.89887e-08	-1.04803e-08
	8.45391e-06	9.1668e-07	1.27613e-07	-9.54202e-09	-5.52677e-09
	8.90862e-06	9.84235e-07	1.35958e-07	3.24321e-09	-1.94915e-09
	0.0184615	0.0184615	0.0184614	0.0184615	0.0184614
	0.0484968	0.0484972	0.0484972	0.0484972	0.0484972
	0.0652568	0.0652583	0.0652582	0.0652582	0.0652582
	0.0695184	0.0695217	0.0695216	0.0695216	0.0695216
	0.0652243	0.0652302	0.0652301	0.0652302	0.0652301
	0.0563583	0.0563678	0.0563678	0.0563678	0.0563678
	0.0459237	0.0459376	0.0459376	0.0459376	0.0459376
	0.035802	0.0358213	0.0358213	0.0358212	0.0358213
	0.0269532	0.0269782	0.0269782	0.0269781	0.0269781
	0.0197141	0.019745	0.019745	0.019745	0.0197449
	0.0140637	0.0141001	0.0141001	0.0141002	0.0141001
	0.00980779	0.00984895	0.00984899	0.00984902	0.00984897
	0.00669283	0.00673764	0.00673772	0.00673774	0.0067377
	0.0044679	0.00451492	0.00451505	0.00451506	0.00451503
	0.00291312	0.00296079	0.00296098	0.00296098	0.00296094
	0.00184906	0.00189584	0.00189606	0.00189605	0.00189602
	0.00113601	0.00118048	0.00118071	0.00118069	0.00118066
	0.000668798	0.000709797	0.000710026	0.000709989	0.000709973
	0.000370395	0.000407087	0.000407295	0.000407252	0.000407239
	0.000185597	0.00021749	0.000217671	0.000217624	0.000217607
	7.56259e-05	0.000102576	0.000102718	0.000102667	0.000102642
	1.37435e-05	3.5922e-05	3.60024e-05	3.59429e-05	3.59093e-05
	-1.80913e-05	-3.32228e-07	-3.35561e-07	-4.05728e-07	-4.47032e-07
	-3.18894e-05	-1.79892e-05	-1.80862e-05	-1.8169e-05	-1.82175e-05
	-3.54107e-05	-2.47586e-05	-2.49442e-05	-2.50423e-05	-2.50969e-05
	-3.35355e-05	-2.55115e-05	-2.57694e-05	-2.58865e-05	-2.59457e-05
	-2.92279e-05	-2.32347e-05	-2.35506e-05	-2.36875e-05	-2.3752e-05
	-2.41959e-05	-1.97039e-05	-2.00623e-05	-2.02151e-05	-2.02877e-05
	-1.93511e-05	-1.59205e-05	-1.63034e-05	-1.64659e-05	-1.65491e-05
	-1.51196e-05	-1.24047e-05	-1.27905e-05	-1.29573e-05	-1.30519e-05
	-1.16439e-05	-9.38686e-06	-9.75186e-06	-9.91982e-06	-1.00245e-05
	-8.90995e-06	-6.93295e-06	-7.25225e-06	-7.42013e-06	-7.53141e-06
	-6.82759e-06	-5.01915e-06	-5.2708e-06	-5.43689e-06	-5.55075e-06
	-5.2813e-06	-3.57824e-06	-3.74768e-06	-3.90706e-06	-4.02043e-06
	-4.15773e-06	-2.52712e-06	-2.60948e-06	-2.75322e-06	-2.8648e-06
	-3.35667e-06	-1.7826e-06	-1.78138e-06	-1.89914e-06	-2.00906e-06
	-2.79366e-06	-1.27129e-06	-1.19353e-06	-1.27791e-06	-1.38629e-06
	-2.40049e-06	-9.33204e-07	-7.85776e-07	-8.34577e-07	-9.40228e-07
	-2.12592e-06	-7.19331e-07	-5.10653e-07	-5.25475e-07	-6.25559e-07
	-1.93497e-06	-5.89624e-07	-3.32779e-07	-3.16076e-07	-4.06949e-07
	-1.80538e-06	-5.13323e-07	-2.25287e-07	-1.79039e-07	-2.57515e-07
	-1.72204e-06	-4.68685e-07	-1.66595e-07	-9.31845e-08	-1.57192e-07
	-1.67239e-06	-4.40577e-07	-1.39542e-07	-4.27012e-08	-9.12852e-08
	-1.64499e-06	-4.18565e-07	-1.31622e-07	-1.65016e-08	-4.92495e-08
	-1.63062e-06	-3.96313e-07	-1.342e-07	-6.67749e-09	-2.36594e-08
	-1.62306e-06	-3.71166e-07	-1.40875e-07	-7.29592e-09	-9.31965e-09
	-1.61764e-06	-3.43105e-07	-1.46904e-07	-1.34985e-08	-2.55986e-09
	-1.60912e-06	-3.13465e-07	-1.50032e-07	-2.14617e-08	-7.4269e-10
	-1.59141e-06	-2.83665e-07	-1.50653e-07	-2.87491e-08	-2.03775e-09
	-1.55923e-06	-2.54132e-07	-1.49939e-07	-3.43738e-08	-5.25195e-09
	-1.5095e-06	-2.24544e-07	-1.47691e-07	-3.83541e-08	-9.64402e-09
	-1.44076e-06	-1.9626e-07	-1.42423e-07	-4.08418e-08	-1.46938e-08
	-1.35099e-06	-1.73276e-07	-1.33305e-07	-4.15534e-08	-1.9978e-08
	-1.23561e-06	-1.56163e-07	-1.21301e-07	-3.99119e-08	-2.51045e-08
	-1.08828e-06	-1.38242e-07	-1.0833e-07	-3.57481e-08	-2.97972e-08
	-9.0378e-07	-1.14799e-07	-9.58794e-08	-2.96628e-08	-3.39432e-08
	-6.79583e-07	-9.01185e-08	-8.448e-08	-2.28915e-08	-3.75478e-08
	-4.13892e-07	-6.9719e-08	-7.40044e-08	-1.70159e-08	-4.06148e-08
	-1.04475e-07	-5.38083e-08	-6.41721e-08	-1.3358e-08	-4.30659e-08
	2.4834e-07	-3.87453e-08	-5.48348e-08	-1.23839e-08	-4.47674e-08
	6.39458e-07	-1.97684e-08	-4.57692e-08	-1.33249e-08	-4.56238e-08
	1.06229e-06	4.12973e-09	-3.64223e-08	-1.47151e-08	-4.56597e-08
	1.51408e-06	3.25479e-08	-2.65066e-08	-1.55607e-08	-4.50252e-08
	1.99683e-06	6.82138e-08	-1.69024e-08	-1.56885e-08	-4.39234e-08
	2.51468e-06	1.1163e-07	-8.82973e-09	-1.56845e-08	-4.24962e-08
	3.07246e-06	1.60808e-07	-1.50949e-09	-1.63086e-08	-4.07266e-08
	3.6718e-06	2.19093e-07	8.01556e-09	-1.79553e-08	-3.8447e-08
	4.32072e-06	2.87244e-07	2.16802e-08	-2.05234e-08	-3.54537e-08
	5.01654e-06	3.59126e-07	3.76792e-08	-2.34149e-08	-3.16755e-08
	5.76398e-06	4.38113e-07	5.26888e-08	-2.57248e-08	-2.72573e-08
	6.56732e-06	5.35586e-07	6.64727e-08	-2.64735e-08	-2.24711e-08
	7.423e-06	6.4778e-07	8.2282e-08	-2.47117e-08	-1.75102e-08
	8.302e-06	7.62296e-07	1.02122e-07	-1.98854e-08	-1.23632e-08
	9.05602e-06	8.64655e-07	1.21893e-07	-1.01531e-08	-7.11485e-09
	9.49273e-06	9.20234e-07	1.32384e-07	3.00481e-09	-3.00099e-09
	1.31366e-07	1.55829e-08	-1.39459e-08	7.27429e-09	1.01397e-08
	2.19628e-07	1.15602e-09	-2.88595e-08	6.23848e-08	3.81351e-09
	1.00746e-07	3.24034e-08	-1.17471e-08	2.85809e-08	5.5303e-09
	-9.66635e-08	8.06297e-08	5.9257e-09	-4.49104e-08	3.72434e-10
	-4.10391e-07	1.03572e-07	1.0736e-09	3.35488e-09	-4.50699e-09
	-6.7297e-07	9.48079e-08	-2.66082e-08	7.09688e-08	-4.23737e-10
	-9.55357e-07	9.09568e-08	-4.37695e-08	6.58949e-08	1.17654e-08
	-1.19221e-06	1.12049e-07	-2.77072e-08	1.84954e-08	2.00808e-08
	-1.23877e-06	1.30161e-07	5.22321e-09	-7.3453e-09	1.34959e-08
	-1.07901e-06	1.32307e-07	2.24232e-08	2.27425e-09	-5.54969e-09
	-6.7156e-07	1.41064e-07	1.48757e-08	2.161e-08	-2.29828e-08
	1.22601e-08	1.67389e-07	1.43365e-09	2.99228e-08	-2.74992e-08
	9.52512e-07	2.11132e-07	1.11383e-10	2.74686e-08	-2.10228e-08
	2.08795e-06	2.50444e-07	9.39475e-09	2.29215e-08	-1.44446e-08
	3.33768e-06	2.80938e-07	1.82871e-08	1.92567e-08	-1.55649e-08
	4.61012e-06	3.21848e-07	2.30798e-08	1.36035e-08	-2.29957e-08
	5.80113e-06	3.81675e-07	2.85301e-08	4.84276e-09	-3.02331e-08
	6.809e-06	4.67081e-07	3.86035e-08	-3.42384e-09	-3.28178e-08
	7.55783e-06	5.7755e-07	5.24858e-08	-7.08093e-09	-3.10732e-08
	8.00215e-06	6.98631e-07	6.83193e-08	-5.43739e-09	-2.79182e-08
	8.12356e-06	8.18522e-07	8.6347e-08	2.22966e-10	-2.57714e-08
	7.92995e-06	9.36358e-07	1.07336e-07	9.16176e-09	-2.52984e-08
	7.43866e-06	1.05167e-06	1.30488e-07	1.91365e-08	-2.56958e-08
	6.72248e-06	1.17082e-06	1.59606e-07	3.20515e-08	-2.61624e-08
	5.84694e-06	1.27048e-06	1.8973e-07	4.14254e-08	-2.53529e-08
	4.87221e-06	1.3413e-06	2.20752e-07	5.00368e-08	-2.30486e-08
	3.85928e-06	1.3818e-06	2.52792e-07	5.89356e-08	-1.9682e-08
	2.86326e-06	1.39064e-06	2.83855e-07	6.92313e-08	-1.61624e-08
	1.9285e-06	1.36437e-06	3.10839e-07	8.14465e-08	-1.3212e-08
	1.08639e-06	1.30265e-06	3.31108e-07	9.49003e-08	-1.09828e-08
	3.56212e-07	1.2092e-06	3.43399e-07	1.07903e-07	-9.14404e-09
	-2.53134e-07	1.08883e-06	3.47855e-07	1.18473e-07	-7.24297e-09
	-7.42124e-07	9.45853e-07	3.45272e-07	1.25144e-07	-5.02132e-09
	-1.11919e-06	7.84512e-07	3.3573e-07	1.27799e-07	-2.51013e-09
	-1.3977e-06	6.1132e-07	3.17786e-07	1.27833e-07	6.96018e-11
	-1.59254e-06	4.37126e-07	2.89679e-07	1.27195e-07	2.47975e-09
	-1.71774e-06	2.72843e-07	2.51727e-07	1.26874e-07	4.59206e-09
	-1.78644e-06	1.23387e-07	2.07089e-07	1.26019e-07	6.40193e-09
	-1.81211e-06	-1.09345e-08	1.59794e-07	1.2247e-07	7.94511e-09
	-1.80907e-06	-1.28814e-07	1.12344e-07	1.14276e-07	9.20739e-09
	-1.79089e-06	-2.26607e-07	6.55166e-08	1.01032e-07	1.01104e-08
	-1.76758e-06	-3.00823e-07	1.99931e-08	8.40012e-08	1.05645e-08
	-1.74395e-06	-3.50383e-07	-2.27167e-08	6.53242e-08	1.05061e-08
	-1.72095e-06	-3.76963e-07	-6.1009e-08	4.66974e-08	9.8683e-09
	-1.69875e-06	-3.84181e-07	-9.40415e-08	2.88904e-08	8.53021e-09
	-1.67842e-06	-3.76266e-07	-1.21219e-07	1.21229e-08	6.34402e-09
	-1.6603e-06	-3.57353e-07	-1.41406e-07	-3.34232e-09	3.23895e-09
	-1.64135e-06	-3.32202e-07	-1.53586e-07	-1.69298e-08	-7.01158e-10
	-1.61571e-06	-3.05898e-07	-1.58428e-07	-2.80306e-08	-5.24271e-09
	-1.57858e-06	-2.80872e-07	-1.58368e-07	-3.6393e-08	-1.01398e-08
	-1.52875e-06	-2.54732e-07	-1.55621e-07	-4.22819e-08	-1.52439e-08
	-1.46589e-06	-2.24116e-07	-1.50559e-07	-4.60847e-08	-2.04805e-08
	-1.38543e-06	-1.91715e-07	-1.4243e-07	-4.77818e-08	-2.57817e-08
	-1.27766e-06	-1.64343e-07	-1.31204e-07	-4.68727e-08	-3.09613e-08
	-1.13298e-06	-1.42568e-07	-1.18159e-07	-4.2876e-08	-3.57662e-08
	-9.47176e-07	-1.20891e-07	-1.04924e-07	-3.58606e-08	-3.99928e-08
	-7.20194e-07	-9.80079e-08	-9.24971e-08	-2.69797e-08	-4.35716e-08
	-4.50391e-07	-7.69216e-08	-8.10945e-08	-1.8065e-08	-4.6534e-08
	-1.33479e-07	-5.88331e-08	-7.05725e-08	-1.11021e-08	-4.89004e-08
	2.31254e-07	-4.10769e-08	-6.08724e-08	-7.54363e-09	-5.05982e-08
	6.37726e-07	-1.96129e-08	-5.1995e-08	-7.59315e-09	-5.14808e-08
	1.07853e-06	6.62503e-09	-4.34499e-08	-9.87544e-09	-5.14243e-08
	1.54988e-06	3.56045e-08	-3.42131e-08	-1.2592e-08	-5.04312e-08
	2.05258e-06	6.83162e-08	-2.3978e-08	-1.46336e-08	-4.86682e-08
	2.5949e-06	1.09237e-07	-1.40677e-08	-1.60162e-08	-4.6405e-08
	3.18229e-06	1.56632e-07	-5.78895e-09	-1.73364e-08	-4.38769e-08
	3.8057e-06	2.11825e-07	2.21529e-09	-1.93628e-08	-4.11394e-08
	4.46081e-06	2.78684e-07	1.31731e-08	-2.22839e-08	-3.80342e-08
	5.15571e-06	3.52007e-07	2.85004e-08	-2.53087e-08	-3.43136e-08
	5.89573e-06	4.24611e-07	4.57075e-08	-2.69603e-08	-2.98567e-08
	6.68696e-06	5.01739e-07	6.14641e-08	-2.60074e-08	-2.47991e-08
	7.50889e-06	5.8674e-07	7.56214e-08	-2.21002e-08	-1.94476e-08
	8.3119e-06	6.66751e-07	9.05386e-08	-1.57758e-08	-1.40411e-08
	8.96844e-06	7.3292e-07	1.06257e-07	-7.09598e-09	-8.72079e-09
	9.39327e-06	7.73592e-07	1.17882e-07	3.05068e-09	-4.36605e-09
	-0.0184613	-0.0184614	-0.0184614	-0.0184615	-0.0184614
	-0.0484964	-0.0484971	-0.0484972	-0.0484971	-0.0484972
	-0.0652567	-0.0652582	-0.0652583	-0.0652581	-0.0652582
	-0.0695187	-0.0695216	-0.0695217	-0.0695217	-0.0695216
	-0.0652251	-0.06523	-0.0652301	-0.0652302	-0.0652301
	-0.0563597	-0.0563677	-0.0563678	-0.0563677	-0.0563678
	-0.0459256	-0.0459375	-0.0459376	-0.0459375	-0.0459376
	-0.0358043	-0.0358211	-0.0358213	-0.0358212	-0.0358212
	-0.0269556	-0.0269779	-0.0269782	-0.0269781	-0.0269781
	-0.0197162	-0.0197447	-0.019745	-0.0197449	-0.0197449
	-0.0140651	-0.0140998	-0.0141001	-0.0141001	-0.0141001
	-0.00980782	-0.00984864	-0.00984898	-0.00984897	-0.00984901
	-0.00669107	-0.00673727	-0.00673771	-0.00673769	-0.00673774
	-0.00446397	-0.00451447	-0.00451504	-0.00451502	-0.00451506
	-0.0029068	-0.00296026	-0.00296095	-0.00296095	-0.00296098
	-0.00184032	-0.00189521	-0.00189602	-0.00189603	-0.00189606
	-0.00112499	-0.00117972	-0.00118065	-0.00118068	-0.00118071
	-0.000655853	-0.000708877	-0.000709951	-0.000709992	-0.000710032
	-0.000356015	-0.000405968	-0.000407196	-0.000407257	-0.000407297
	-0.000170366	-0.000216155	-0.000217542	-0.000217625	-0.000217663
	-6.01683e-05	-0.000101017	-0.000102554	-0.000102659	-0.000102695
	1.32857e-06	-3.41275e-05	-3.57957e-05	-3.59227e-05	-3.59613e-05
	3.22515e-05	2.36343e-06	5.89434e-07	4.43767e-07	3.95697e-07
	4.4701e-05	2.02421e-05	1.83934e-05	1.82272e-05	1.81673e-05
	4.65538e-05	2.71982e-05	2.53088e-05	2.51208e-05	2.5049e-05
	4.28158e-05	2.8087e-05	2.61943e-05	2.59841e-05	2.5902e-05
	3.65694e-05	2.58886e-05	2.40365e-05	2.38037e-05	2.37137e-05
	2.96295e-05	2.23733e-05	2.06057e-05	2.03515e-05	2.0255e-05
	2.29939e-05	1.85409e-05	1.68964e-05	1.66249e-05	1.65217e-05
	1.71493e-05	1.4911e-05	1.34221e-05	1.31403e-05	1.30292e-05
	1.22754e-05	1.17172e-05	1.04091e-05	1.0126e-05	1.0006e-05
	8.37524e-06	9.03096e-06	7.92084e-06	7.6454e-06	7.51717e-06
	5.3582e-06	6.83865e-06	5.9355e-06	5.67507e-06	5.54094e-06
	3.09298e-06	5.08635e-06	4.39221e-06	4.15154e-06	4.01524e-06
	1.44051e-06	3.70518e-06	3.21613e-06	2.99908e-06	2.8642e-06
	2.71887e-07	2.62807e-06	2.33194e-06	2.14408e-06	2.01282e-06
	-5.24516e-07	1.79814e-06	1.67198e-06	1.52108e-06	1.39406e-06
	-1.04263e-06	1.16793e-06	1.18104e-06	1.0741e-06	9.51602e-07
	-1.36014e-06	6.95788e-07	8.16951e-07	7.56587e-07	6.40097e-07
	-1.53975e-06	3.45277e-07	5.47914e-07	5.31269e-07	4.24099e-07
	-1.62949e-06	8.70771e-08	3.49234e-07	3.70137e-07	2.76535e-07
	-1.66333e-06	-9.90872e-08	2.01901e-07	2.53769e-07	1.77146e-07
	-1.66348e-06	-2.25822e-07	9.22377e-08	1.69333e-07	1.11094e-07
	-1.64431e-06	-3.02725e-07	1.08572e-08	1.08316e-07	6.77143e-08
	-1.61601e-06	-3.40666e-07	-4.91333e-08	6.44343e-08	3.9421e-08
	-1.58608e-06	-3.51276e-07	-9.30823e-08	3.26321e-08	2.08345e-08
	-1.55842e-06	-3.4398e-07	-1.24396e-07	9.01187e-09	8.18971e-09
	-1.53222e-06	-3.25408e-07	-1.44491e-07	-9.00763e-09	-1.02409e-09
	-1.50351e-06	-3.01411e-07	-1.54329e-07	-2.28e-08	-8.3237e-09
	-1.46901e-06	-2.76896e-07	-1.56129e-07	-3.3036e-08	-1.45204e-08
	-1.42796e-06	-2.53314e-07	-1.53087e-07	-4.01756e-08	-2.00463e-08
	-1.37849e-06	-2.27607e-07	-1.47489e-07	-4.47046e-08	-2.51956e-08
	-1.31297e-06	-1.96975e-07	-1.39788e-07	-4.69214e-08	-3.01525e-08
	-1.21917e-06	-1.64479e-07	-1.29712e-07	-4.6679e-08	-3.49727e-08
	-1.08744e-06	-1.35746e-07	-1.17718e-07	-4.35434e-08	-3.95319e-08
	-9.15225e-07	-1.12608e-07	-1.05075e-07	-3.73027e-08	-4.36025e-08
	-7.03499e-07	-9.35317e-08	-9.29756e-08	-2.85175e-08	-4.69997e-08
	-4.50191e-07	-7.53558e-08	-8.191e-08	-1.85265e-08	-4.96742e-08
	-1.50332e-07	-5.51479e-08	-7.17689e-08	-9.25374e-09	-5.16823e-08
	1.97027e-07	-3.29817e-08	-6.2378e-08	-2.8541e-09	-5.30731e-08
	5.8636e-07	-1.07059e-08	-5.38638e-08	-7.11369e-10	-5.38002e-08
	1.01156e-06	1.08345e-08	-4.62422e-08	-2.63648e-09	-5.37258e-08
	1.46787e-06	3.41311e-08	-3.86653e-08	-6.95999e-09	-5.27125e-08
	1.95153e-06	6.34733e-08	-2.98549e-08	-1.17897e-08	-5.07433e-08
	2.46936e-06	1.05427e-07	-1.98227e-08	-1.59226e-08	-4.79936e-08
	3.02474e-06	1.5396e-07	-1.03015e-08	-1.90704e-08	-4.47881e-08
	3.61625e-06	1.9791e-07	-2.3398e-09	-2.16109e-08	-4.14387e-08
	4.23347e-06	2.45322e-07	5.89477e-09	-2.3975e-08	-3.80566e-08
	4.8797e-06	3.04038e-07	1.74279e-08	-2.58402e-08	-3.44851e-08
	5.56374e-06	3.67894e-07	3.27845e-08	-2.59267e-08	-3.04373e-08
	6.28272e-06	4.27352e-07	4.89934e-08	-2.29582e-08	-2.57464e-08
	7.01637e-06	4.79275e-07	6.29877e-08	-1.68256e-08	-2.05319e-08
	7.70443e-06	5.23202e-07	7.45149e-08	-9.03029e-09	-1.51421e-08
	8.25957e-06	5.51246e-07	8.52146e-08	-1.87296e-09	-9.96438e-09
	8.67915e-06	5.795e-07	9.60038e-08	3.38943e-09	-5.81478e-09
	-0.0405504	-0.0405506	-0.0405506	-0.0405506	-0.0405506
	-0.101082	-0.101083	-0.101083	-0.101083	-0.101083
	-0.130788	-0.13079	-0.13079	-0.13079	-0.13079
	-0.134907	-0.134912	-0.134912	-0.134912	-0.134912
	-0.123208	-0.123217	-0.123217	-0.123217	-0.123217
	-0.104074	-0.104089	-0.104089	-0.104089	-0.104089
	-0.0832079	-0.0832291	-0.0832293	-0.0832293	-0.0832293
	-0.0638447	-0.0638744	-0.0638746	-0.0638745	-0.0638746
	-0.0474273	-0.0474668	-0.047467	-0.0474669	-0.047467
	-0.0343001	-0.0343499	-0.0343503	-0.0343502	-0.0343503
	-0.0242334	-0.0242938	-0.0242942	-0.0242942	-0.0242942
	-0.0167565	-0.0168268	-0.0168273	-0.0168273	-0.0168273
	-0.0113454	-0.0114243	-0.0114249	-0.0114249	-0.0114249
	-0.00751582	-0.00760121	-0.00760197	-0.00760196	-0.007602
	-0.00486019	-0.00494967	-0.00495061	-0.00495061	-0.00495064
	-0.00305476	-0.00314563	-0.00314676	-0.00314677	-0.0031468
	-0.00185215	-0.00194174	-0.00194306	-0.00194308	-0.00194312
	-0.00106888	-0.0011547	-0.00115622	-0.00115625	-0.0011563
	-0.000571938	-0.000651894	-0.000653598	-0.000653651	-0.000653701
	-0.00026683	-0.000339316	-0.0003412	-0.000341277	-0.000341327
	-8.76115e-05	-0.000151569	-0.000153619	-0.000153724	-0.000153772
	1.09616e-05	-4.3966e-05	-4.61541e-05	-4.62884e-05	-4.63334e-05
	5.93727e-05	1.35211e-05	1.12163e-05	1.10557e-05	1.10075e-05
	7.77966e-05	4.06082e-05	3.82441e-05	3.80605e-05	3.80047e-05
	7.92803e-05	5.00588e-05	4.7683e-05	4.74788e-05	4.74107e-05
	7.2043e-05	4.98963e-05	4.75539e-05	4.73297e-05	4.72487e-05
	6.10871e-05	4.5011e-05	4.27493e-05	4.2505e-05	4.24137e-05
	4.93099e-05	3.82699e-05	3.61375e-05	3.58741e-05	3.57755e-05
	3.82642e-05	3.12674e-05	2.93054e-05	2.90258e-05	2.89219e-05
	2.86718e-05	2.48119e-05	2.30516e-05	2.27613e-05	2.26526e-05
	2.07636e-05	1.92435e-05	1.77077e-05	1.74144e-05	1.73003e-05
	1.4496e-05	1.46389e-05	1.33429e-05	1.30558e-05	1.29359e-05
	9.68731e-06	1.09418e-05	9.89147e-06	9.62003e-06	9.49482e-06
	6.10203e-06	8.04002e-06	7.22959e-06	6.98134e-06	6.85279e-06
	3.50108e-06	5.80352e-06	5.21777e-06	4.99735e-06	4.86854e-06
	1.6681e-06	4.10244e-06	3.72204e-06	3.53259e-06	3.40664e-06
	4.18768e-07	2.8212e-06	2.62368e-06	2.46889e-06	2.34803e-06
	-3.99207e-07	1.86681e-06	1.82386e-06	1.70814e-06	1.5937e-06
	-9.09172e-07	1.16682e-06	1.24489e-06	1.17131e-06	1.06444e-06
	-1.20782e-06	6.62375e-07	8.28151e-07	7.96292e-07	6.9873e-07
	-1.3669e-06	3.04595e-07	5.29798e-07	5.358e-07	4.49878e-07
	-1.43638e-06	5.53421e-08	3.16972e-07	3.55363e-07	2.83114e-07
	-1.45006e-06	-1.12461e-07	1.6555e-07	2.30815e-07	1.73046e-07
	-1.43172e-06	-2.1841e-07	5.84851e-08	1.4548e-07	1.015e-07
	-1.39881e-06	-2.7855e-07	-1.63096e-08	8.74934e-08	5.56874e-08
	-1.36308e-06	-3.06019e-07	-6.79749e-08	4.80404e-08	2.66948e-08
	-1.33028e-06	-3.10437e-07	-1.03285e-07	2.05846e-08	8.33192e-09
	-1.30142e-06	-2.98824e-07	-1.26289e-07	6.34314e-10	-3.63482e-09
	-1.27533e-06	-2.76974e-07	-1.38858e-07	-1.43013e-08	-1.19802e-08
	-1.25056e-06	-2.5005e-07	-1.42562e-07	-2.53729e-08	-1.83306e-08
	-1.22474e-06	-2.2294e-07	-1.40003e-07	-3.30664e-08	-2.35805e-08
	-1.19206e-06	-1.98883e-07	-1.34114e-07	-3.78313e-08	-2.8213e-08
	-1.1427e-06	-1.76772e-07	-1.26613e-07	-4.02196e-08	-3.25201e-08
	-1.06663e-06	-1.52757e-07	-1.1776e-07	-4.04981e-08	-3.66693e-08
	-9.58195e-07	-1.25195e-07	-1.07528e-07	-3.85084e-08	-4.066e-08
	-8.15684e-07	-9.71551e-08	-9.6524e-08	-3.40424e-08	-4.43167e-08
	-6.36674e-07	-7.41354e-08	-8.57812e-08	-2.69859e-08	-4.73906e-08
	-4.15998e-07	-5.78194e-08	-7.60206e-08	-1.7867e-08	-4.97066e-08
	-1.50031e-07	-4.35933e-08	-6.72868e-08	-8.31286e-09	-5.12444e-08
	1.58047e-07	-2.66912e-08	-5.92359e-08	-5.75758e-10	-5.20997e-08
	5.00294e-07	-6.33586e-09	-5.17646e-08	3.23903e-09	-5.23701e-08
	8.7183e-07	1.38834e-08	-4.51545e-08	2.16185e-09	-5.20551e-08
	1.27215e-06	3.38602e-08	-3.92712e-08	-2.83712e-09	-5.10426e-08
	1.7e-06	5.70349e-08	-3.29296e-08	-9.68251e-09	-4.91939e-08
	2.15708e-06	8.96238e-08	-2.49296e-08	-1.6235e-08	-4.64824e-08
	2.64044e-06	1.33316e-07	-1.58023e-08	-2.11173e-08	-4.30885e-08
	3.14752e-06	1.7235e-07	-7.42371e-09	-2.3925e-08	-3.9367e-08
	3.67962e-06	2.02754e-07	-3.29943e-10	-2.50241e-08	-3.56637e-08
	4.23605e-06	2.39024e-07	7.53031e-09	-2.4729e-08	-3.21018e-08
	4.82051e-06	2.87496e-07	1.84822e-08	-2.26294e-08	-2.85032e-08
	5.42261e-06	3.31515e-07	3.20732e-08	-1.7964e-08	-2.45394e-08
	6.03236e-06	3.57595e-07	4.51708e-08	-1.0762e-08	-2.00266e-08
	6.59884e-06	3.65995e-07	5.50677e-08	-2.77385e-09	-1.51329e-08
	7.06314e-06	3.62101e-07	6.23044e-08	2.43328e-09	-1.03754e-08
	7.48665e-06	3.78512e-07	7.12362e-08	3.06901e-09	-6.75453e-09
	-0.0707183	-0.0707186	-0.0707185	-0.0707185	-0.0707186
	-0.160375	-0.160376	-0.160376	-0.160376	-0.160376
	-0.19365	-0.193653	-0.193653	-0.193653	-0.193653
	-0.18898	-0.188986	-0.188986	-0.188986	-0.188986
	-0.16487	-0.16488	-0.16488	-0.16488	-0.16488
	-0.134031	-0.134047	-0.134047	-0.134047	-0.134047
	-0.103786	-0.10381	-0.10381	-0.10381	-0.10381
	-0.0775466	-0.0775808	-0.0775809	-0.0775809	-0.077581
	-0.056347	-0.0563924	-0.0563927	-0.0563926	-0.0563926
	-0.0400032	-0.0400605	-0.0400609	-0.0400608	-0.0400608
	-0.0278207	-0.0278902	-0.0278907	-0.0278906	-0.0278906
	-0.0189743	-0.0190551	-0.0190556	-0.0190556	-0.0190556
	-0.012688	-0.0127783	-0.012779	-0.012779	-0.012779
	-0.00830575	-0.00840333	-0.00840415	-0.00840414	-0.00840417
	-0.00530613	-0.00540802	-0.00540901	-0.00540901	-0.00540905
	-0.00329044	-0.00339349	-0.00339469	-0.00339469	-0.00339473
	-0.00196258	-0.00206369	-0.00206509	-0.0020651	-0.00206514
	-0.00110743	-0.00120378	-0.0012054	-0.00120542	-0.00120546
	-0.000571599	-0.000660882	-0.000662693	-0.000662732	-0.000662782
	-0.000247527	-0.000328018	-0.000330011	-0.000330074	-0.000330124
	-6.09699e-05	-0.000131586	-0.000133741	-0.000133832	-0.00013388
	3.84863e-05	-2.17695e-05	-2.40669e-05	-2.41869e-05	-2.42329e-05
	8.45319e-05	3.44933e-05	3.2117e-05	3.19691e-05	3.19243e-05
	9.92209e-05	5.88662e-05	5.64518e-05	5.62817e-05	5.62323e-05
	9.66698e-05	6.51377e-05	6.27332e-05	6.25448e-05	6.24857e-05
	8.56614e-05	6.18859e-05	5.95369e-05	5.93318e-05	5.92608e-05
	7.14531e-05	5.42672e-05	5.20184e-05	5.17969e-05	5.17154e-05
	5.70171e-05	4.52445e-05	4.31385e-05	4.29013e-05	4.28124e-05
	4.38833e-05	3.64097e-05	3.44843e-05	3.42338e-05	3.41405e-05
	3.27041e-05	2.85257e-05	2.68103e-05	2.65507e-05	2.64546e-05
	2.36233e-05	2.18727e-05	2.03868e-05	2.0124e-05	2.00256e-05
	1.65108e-05	1.64652e-05	1.52191e-05	1.49606e-05	1.48592e-05
	1.11076e-05	1.21866e-05	1.11819e-05	1.09362e-05	1.08315e-05
	7.11398e-06	8.87188e-06	8.09952e-06	7.87476e-06	7.76717e-06
	4.23974e-06	6.3497e-06	5.79025e-06	5.59222e-06	5.48345e-06
	2.22897e-06	4.45948e-06	4.08799e-06	3.91954e-06	3.81235e-06
	8.67639e-07	3.05931e-06	2.85022e-06	2.71254e-06	2.60987e-06
	-1.83492e-08	2.03173e-06	1.95975e-06	1.85406e-06	1.75822e-06
	-5.68014e-07	1.28466e-06	1.32412e-06	1.25195e-06	1.16429e-06
	-8.88562e-07	7.48543e-07	8.73273e-07	8.35289e-07	7.56453e-07
	-1.05814e-06	3.72126e-07	5.5548e-07	5.50538e-07	4.80816e-07
	-1.13046e-06	1.16922e-07	3.32791e-07	3.58151e-07	2.97525e-07
	-1.14217e-06	-4.86655e-08	1.7756e-07	2.29629e-07	1.77634e-07
	-1.11988e-06	-1.51824e-07	7.021e-08	1.4476e-07	1.00515e-07
	-1.08361e-06	-2.12917e-07	-2.83304e-09	8.9179e-08	5.17673e-08
	-1.04651e-06	-2.43929e-07	-5.14008e-08	5.25727e-08	2.1497e-08
	-1.01463e-06	-2.52177e-07	-8.30723e-08	2.75235e-08	2.95013e-09
	-9.89453e-07	-2.45118e-07	-1.03209e-07	9.16869e-09	-8.47999e-09
	-9.71079e-07	-2.29381e-07	-1.14687e-07	-5.07944e-09	-1.58501e-08
	-9.58755e-07	-2.07604e-07	-1.18822e-07	-1.60788e-08	-2.11045e-08
	-9.48739e-07	-1.80989e-07	-1.17075e-07	-2.39399e-08	-2.5313e-08
	-9.33068e-07	-1.54434e-07	-1.11718e-07	-2.88339e-08	-2.89998e-08
	-9.0201e-07	-1.33566e-07	-1.04875e-07	-3.11848e-08	-3.24183e-08
	-8.48516e-07	-1.17949e-07	-9.74856e-08	-3.16324e-08	-3.57051e-08
	-7.69751e-07	-1.01431e-07	-8.95295e-08	-3.04924e-08	-3.88972e-08
	-6.63474e-07	-7.98901e-08	-8.10212e-08	-2.76175e-08	-4.18937e-08
	-5.24333e-07	-5.69727e-08	-7.24975e-08	-2.27522e-08	-4.44673e-08
	-3.46644e-07	-3.8969e-08	-6.46787e-08	-1.59549e-08	-4.63692e-08
	-1.30907e-07	-2.73588e-08	-5.78831e-08	-8.05681e-09	-4.74587e-08
	1.15555e-07	-1.80116e-08	-5.18454e-08	-9.25952e-10	-4.77634e-08
	3.85252e-07	-4.94082e-09	-4.61794e-08	3.21221e-09	-4.74325e-08
	6.76028e-07	1.33e-08	-4.09701e-08	2.93643e-09	-4.66208e-08
	9.92814e-07	3.48139e-08	-3.65509e-08	-1.66331e-09	-4.53808e-08
	1.34023e-06	5.50655e-08	-3.25098e-08	-8.9786e-09	-4.36379e-08
	1.70662e-06	7.13581e-08	-2.75074e-08	-1.65777e-08	-4.12659e-08
	2.08587e-06	9.42526e-08	-2.07496e-08	-2.23953e-08	-3.82369e-08
	2.47567e-06	1.25313e-07	-1.32496e-08	-2.53217e-08	-3.4724e-08
	2.88544e-06	1.54394e-07	-6.66093e-09	-2.53205e-08	-3.10682e-08
	3.31857e-06	1.76898e-07	-9.20743e-10	-2.30012e-08	-2.75858e-08
	3.77162e-06	2.03914e-07	5.91553e-09	-1.89199e-08	-2.43494e-08
	4.23617e-06	2.31202e-07	1.52183e-08	-1.33037e-08	-2.11314e-08
	4.71086e-06	2.41524e-07	2.57808e-08	-6.48576e-09	-1.75942e-08
	5.16121e-06	2.2635e-07	3.45555e-08	1.83874e-10	-1.36261e-08
	5.55366e-06	2.00591e-07	4.05046e-08	3.48151e-09	-9.61822e-09
	5.99762e-06	2.13601e-07	4.78934e-08	1.46748e-09	-6.69045e-09
	-0.115615	-0.115615	-0.115615	-0.115615	-0.115615
	-0.224761	-0.224762	-0.224762	-0.224762	-0.224762
	-0.243503	-0.243506	-0.243506	-0.243506	-0.243506
	-0.218666	-0.218671	-0.218671	-0.218671	-0.218671
	-0.17842	-0.178429	-0.178429	-0.178429	-0.178429
	-0.137247	-0.137261	-0.137261	-0.137261	-0.137261
	-0.101547	-0.101568	-0.101568	-0.101568	-0.101568
	-0.0731017	-0.0731313	-0.0731315	-0.0731315	-0.0731315
	-0.0515245	-0.051564	-0.0515642	-0.0515642	-0.0515642
	-0.0356702	-0.0357205	-0.0357208	-0.0357207	-0.0357208
	-0.0242858	-0.0243469	-0.0243472	-0.0243471	-0.0243472
	-0.0162587	-0.0163297	-0.0163302	-0.0163302	-0.0163302
	-0.0106882	-0.0107676	-0.0107682	-0.0107682	-0.0107682
	-0.00688057	-0.00696626	-0.00696699	-0.00696697	-0.006967
	-0.00431824	-0.00440756	-0.00440842	-0.00440841	-0.00440844
	-0.00262301	-0.00271313	-0.00271415	-0.00271414	-0.00271418
	-0.00152319	-0.00161133	-0.00161252	-0.00161252	-0.00161256
	-0.000826276	-0.00090997	-0.000911333	-0.000911343	-0.000911383
	-0.000397706	-0.000474948	-0.00047648	-0.000476503	-0.000476545
	-0.000144634	-0.000213958	-0.000215648	-0.000215688	-0.000215731
	-3.85688e-06	-6.43917e-05	-6.62133e-05	-6.62739e-05	-6.63175e-05
	6.69932e-05	1.55923e-05	1.36604e-05	1.35766e-05	1.3534e-05
	9.58706e-05	5.34046e-05	5.14216e-05	5.13145e-05	5.12736e-05
	0.000100829	6.67758e-05	6.47727e-05	6.46456e-05	6.46035e-05
	9.32529e-05	6.68107e-05	6.48242e-05	6.46816e-05	6.4634e-05
	8.00897e-05	6.02856e-05	5.8355e-05	5.82e-05	5.81441e-05
	6.53904e-05	5.11806e-05	4.93424e-05	4.91762e-05	4.91117e-05
	5.13542e-05	4.17039e-05	3.99903e-05	3.9813e-05	3.97422e-05
	3.90333e-05	3.29722e-05	3.14119e-05	3.12242e-05	3.11504e-05
	2.87972e-05	2.54575e-05	2.40743e-05	2.38786e-05	2.38045e-05
	2.06323e-05	1.92719e-05	1.80816e-05	1.78818e-05	1.78085e-05
	1.43293e-05	1.43409e-05	1.33486e-05	1.31507e-05	1.30775e-05
	9.59883e-06	1.05042e-05	9.70617e-06	9.51694e-06	9.44237e-06
	6.13951e-06	7.57372e-06	6.96054e-06	6.78728e-06	6.71012e-06
	3.67488e-06	5.36964e-06	4.92637e-06	4.77484e-06	4.69529e-06
	1.96875e-06	3.73566e-06	3.4419e-06	3.3148e-06	3.23491e-06
	8.27022e-07	2.54138e-06	2.37317e-06	2.27036e-06	2.19337e-06
	9.34552e-08	1.67895e-06	1.61269e-06	1.53304e-06	1.46203e-06
	-3.54972e-07	1.0608e-06	1.07655e-06	1.01969e-06	9.5639e-07
	-6.11214e-07	6.20445e-07	7.0128e-07	6.67888e-07	6.12305e-07
	-7.41357e-07	3.11979e-07	4.40334e-07	4.31151e-07	3.82028e-07
	-7.90261e-07	1.03694e-07	2.60075e-07	2.75021e-07	2.30616e-07
	-7.89028e-07	-3.01788e-08	1.36304e-07	1.74151e-07	1.32879e-07
	-7.61121e-07	-1.11968e-07	5.19493e-08	1.10147e-07	7.09639e-08
	-7.24629e-07	-1.57828e-07	-4.58561e-09	6.98684e-08	3.24882e-08
	-6.91433e-07	-1.77874e-07	-4.12403e-08	4.39991e-08	9.0608e-09
	-6.66654e-07	-1.80408e-07	-6.40286e-08	2.60364e-08	-4.92153e-09
	-6.50731e-07	-1.73894e-07	-7.76848e-08	1.19617e-08	-1.32019e-08
	-6.4272e-07	-1.63764e-07	-8.52862e-08	-1.09681e-10	-1.82592e-08
	-6.41502e-07	-1.50203e-07	-8.81656e-08	-1.01961e-08	-2.17226e-08
	-6.44033e-07	-1.31723e-07	-8.69501e-08	-1.73996e-08	-2.45114e-08
	-6.4361e-07	-1.09838e-07	-8.27646e-08	-2.11504e-08	-2.70501e-08
	-6.31434e-07	-8.83497e-08	-7.72582e-08	-2.17073e-08	-2.94755e-08
	-6.00845e-07	-7.05399e-08	-7.16605e-08	-2.02317e-08	-3.18208e-08
	-5.49664e-07	-5.80818e-08	-6.62365e-08	-1.80808e-08	-3.40909e-08
	-4.77352e-07	-4.96425e-08	-6.07329e-08	-1.60338e-08	-3.62395e-08
	-3.80929e-07	-4.16886e-08	-5.51117e-08	-1.41728e-08	-3.81211e-08
	-2.56948e-07	-3.09117e-08	-4.9762e-08	-1.19775e-08	-3.95094e-08
	-1.07045e-07	-1.73543e-08	-4.51258e-08	-8.80002e-09	-4.0191e-08
	6.36652e-08	-6.09104e-09	-4.12283e-08	-4.72986e-09	-4.00758e-08
	2.52728e-07	1.92699e-09	-3.76833e-08	-9.98953e-10	-3.92443e-08
	4.57805e-07	1.07694e-08	-3.42642e-08	5.67899e-10	-3.79043e-08
	6.78177e-07	2.48051e-08	-3.12657e-08	-1.20327e-09	-3.62765e-08
	9.21941e-07	4.3152e-08	-2.89135e-08	-6.1524e-09	-3.44734e-08
	1.17502e-06	5.4997e-08	-2.6509e-08	-1.29129e-08	-3.24568e-08
	1.4309e-06	6.19055e-08	-2.28333e-08	-1.92759e-08	-3.01014e-08
	1.69667e-06	7.78224e-08	-1.76621e-08	-2.32944e-08	-2.73554e-08
	1.98005e-06	1.01599e-07	-1.22435e-08	-2.39077e-08	-2.43485e-08
	2.27552e-06	1.17648e-07	-7.72979e-09	-2.12745e-08	-2.1355e-08
	2.57604e-06	1.25024e-07	-3.55493e-09	-1.64326e-08	-1.86054e-08
	2.89759e-06	1.35414e-07	1.88251e-09	-1.06729e-08	-1.60889e-08
	3.24369e-06	1.37726e-07	9.08794e-09	-5.0062e-09	-1.3544e-08
	3.58409e-06	1.19252e-07	1.64791e-08	-1.2975e-10	-1.07023e-08
	3.95354e-06	9.44715e-08	2.25438e-08	2.07425e-09	-7.71108e-09
	4.42358e-06	1.07272e-07	2.91649e-08	-1.1171e-10	-5.57061e-09
	-0.18184	-0.18184	-0.18184	-0.18184	-0.18184
	-0.279907	-0.279907	-0.279907	-0.279907	-0.279907
	-0.257502	-0.257504	-0.257504	-0.257504	-0.257504
	-0.204685	-0.204688	-0.204688	-0.204688	-0.204688
	-0.151897	-0.151903	-0.151903	-0.151902	-0.151903
	-0.108278	-0.108286	-0.108286	-0.108286	-0.108286
	-0.075373	-0.0753862	-0.0753863	-0.0753862	-0.0753862
	-0.0516976	-0.0517165	-0.0517166	-0.0517166	-0.0517166
	-0.0350631	-0.0350886	-0.0350887	-0.0350887	-0.0350887
	-0.0235291	-0.0235618	-0.023562	-0.023562	-0.023562
	-0.0156059	-0.0156459	-0.0156461	-0.015646	-0.0156461
	-0.0102085	-0.0102552	-0.0102555	-0.0102554	-0.0102554
	-0.00656482	-0.00661711	-0.0066175	-0.00661745	-0.00661748
	-0.00413121	-0.00418762	-0.0041881	-0.00418807	-0.00418809
	-0.00252687	-0.00258562	-0.00258619	-0.00258618	-0.0025862
	-0.00148618	-0.00154535	-0.00154602	-0.00154602	-0.00154604
	-0.000824689	-0.000882428	-0.00088321	-0.000883218	-0.00088323
	-0.000415152	-0.000469821	-0.000470708	-0.000470718	-0.000470736
	-0.000170463	-0.000220747	-0.000221738	-0.000221748	-0.000221774
	-3.16089e-05	-7.65566e-05	-7.76476e-05	-7.76591e-05	-7.76941e-05
	4.093e-05	1.85539e-06	6.82857e-07	6.64262e-07	6.24024e-07
	7.32414e-05	4.01902e-05	3.89673e-05	3.8935e-05	3.88949e-05
	8.22192e-05	5.50834e-05	5.38155e-05	5.37646e-05	5.37284e-05
	7.85833e-05	5.69729e-05	5.56894e-05	5.56204e-05	5.55883e-05
	6.89414e-05	5.22931e-05	5.10199e-05	5.09377e-05	5.09057e-05
	5.72055e-05	4.48505e-05	4.36155e-05	4.35257e-05	4.3489e-05
	4.55549e-05	3.67876e-05	3.56163e-05	3.55221e-05	3.54784e-05
	3.50857e-05	2.92162e-05	2.81305e-05	2.80314e-05	2.79823e-05
	2.6242e-05	2.26312e-05	2.16486e-05	2.15422e-05	2.14921e-05
	1.90936e-05	1.71757e-05	1.63097e-05	1.61948e-05	1.6148e-05
	1.35114e-05	1.28078e-05	1.20669e-05	1.19451e-05	1.19033e-05
	9.27567e-06	9.40162e-06	8.78686e-06	8.66305e-06	8.62459e-06
	6.14208e-06	6.80092e-06	6.30722e-06	6.18833e-06	6.14935e-06
	3.87986e-06	4.84744e-06	4.46714e-06	4.36015e-06	4.31692e-06
	2.28923e-06	3.39835e-06	3.12292e-06	3.03267e-06	2.9839e-06
	1.20497e-06	2.33601e-06	2.1544e-06	2.08208e-06	2.02977e-06
	4.9273e-07	1.56754e-06	1.46545e-06	1.40898e-06	1.3574e-06
	4.46175e-08	1.01918e-06	9.81206e-07	9.37456e-07	8.90803e-07
	-2.22785e-07	6.32272e-07	6.44351e-07	6.11676e-07	5.72047e-07
	-3.69841e-07	3.62493e-07	4.11943e-07	3.9114e-07	3.57856e-07
	-4.37457e-07	1.77927e-07	2.52729e-07	2.45963e-07	2.1651e-07
	-4.53448e-07	5.44982e-08	1.44451e-07	1.53477e-07	1.25102e-07
	-4.38758e-07	-2.66517e-08	7.13038e-08	9.63675e-08	6.72907e-08
	-4.10509e-07	-7.75993e-08	2.21746e-08	6.17905e-08	3.15622e-08
	-3.81729e-07	-1.0426e-07	-1.0409e-08	4.06688e-08	9.97075e-09
	-3.59922e-07	-1.12015e-07	-3.119e-08	2.67576e-08	-2.79805e-09
	-3.46918e-07	-1.09326e-07	-4.34975e-08	1.5948e-08	-1.01917e-08
	-3.41169e-07	-1.03458e-07	-5.01691e-08	5.80272e-09	-1.44178e-08
	-3.41255e-07	-9.54762e-08	-5.3471e-08	-4.22346e-09	-1.69311e-08
	-3.47169e-07	-8.41518e-08	-5.45666e-08	-1.28708e-08	-1.86541e-08
	-3.57669e-07	-7.17192e-08	-5.36618e-08	-1.8013e-08	-2.01391e-08
	-3.6714e-07	-6.12053e-08	-5.09439e-08	-1.79157e-08	-2.16142e-08
	-3.67207e-07	-5.05935e-08	-4.72232e-08	-1.30423e-08	-2.30913e-08
	-3.52662e-07	-3.64066e-08	-4.3558e-08	-5.91963e-09	-2.45051e-08
	-3.24511e-07	-2.28529e-08	-4.04788e-08	-5.38797e-11	-2.58192e-08
	-2.85198e-07	-1.70172e-08	-3.78275e-08	1.76911e-09	-2.70281e-08
	-2.32285e-07	-1.76765e-08	-3.52229e-08	-9.65172e-10	-2.80938e-08
	-1.6155e-07	-1.65503e-08	-3.25706e-08	-6.30675e-09	-2.88858e-08
	-7.57819e-08	-8.14443e-09	-3.0134e-08	-1.08648e-08	-2.92012e-08
	1.85543e-08	2.20369e-09	-2.81453e-08	-1.17812e-08	-2.88602e-08
	1.23874e-07	7.63061e-09	-2.64688e-08	-8.62083e-09	-2.78231e-08
	2.45773e-07	9.50805e-09	-2.47979e-08	-3.46858e-09	-2.6241e-08
	3.77033e-07	1.25404e-08	-2.31833e-08	2.69939e-10	-2.44041e-08
	5.12635e-07	2.20865e-08	-2.20239e-08	1.79466e-10	-2.25971e-08
	6.49333e-07	3.42032e-08	-2.12908e-08	-4.00512e-09	-2.09549e-08
	7.93312e-07	4.01204e-08	-2.01049e-08	-1.03419e-08	-1.94058e-08
	9.48444e-07	4.52302e-08	-1.76034e-08	-1.57573e-08	-1.77594e-08
	1.10432e-06	5.81815e-08	-1.40974e-08	-1.77833e-08	-1.5897e-08
	1.25779e-06	6.88465e-08	-1.07898e-08	-1.5719e-08	-1.38848e-08
	1.41808e-06	6.90308e-08	-8.23806e-09	-1.08426e-08	-1.19305e-08
	1.60706e-06	6.28615e-08	-5.53334e-09	-5.49844e-09	-1.01867e-08
	1.82146e-06	6.2331e-08	-1.45311e-09	-1.55413e-09	-8.57945e-09
	2.07523e-06	5.18766e-08	4.11663e-09	8.55454e-10	-6.87083e-09
	2.47769e-06	4.56477e-08	1.03803e-08	1.62976e-09	-5.02109e-09
	2.93619e-06	5.68419e-08	1.64076e-08	2.09123e-10	-3.73339e-09
	-0.238366	-0.238366	-0.238366	-0.238366	-0.238366
	-0.275325	-0.275325	-0.275326	-0.275325	-0.275326
	-0.202939	-0.202939	-0.202939	-0.202939	-0.202939
	-0.135206	-0.135206	-0.135206	-0.135207	-0.135207
	-0.0872938	-0.0872955	-0.0872955	-0.0872955	-0.0872955
	-0.0557422	-0.0557453	-0.0557453	-0.0557453	-0.0557453
	-0.0356153	-0.0356202	-0.0356203	-0.0356202	-0.0356202
	-0.0228721	-0.0228794	-0.0228795	-0.0228794	-0.0228794
	-0.0147432	-0.0147532	-0.0147533	-0.0147533	-0.0147533
	-0.00949845	-0.00951164	-0.00951173	-0.00951172	-0.00951175
	-0.00608453	-0.00610086	-0.00610096	-0.00610095	-0.00610097
	-0.00385323	-0.00387246	-0.00387258	-0.00387256	-0.00387257
	-0.00239665	-0.00241831	-0.00241846	-0.00241844	-0.00241844
	-0.00145197	-0.00147541	-0.0014756	-0.00147559	-0.00147559
	-0.000846488	-0.000870922	-0.000871157	-0.000871151	-0.000871158
	-0.000465176	-0.000489784	-0.000490064	-0.000490063	-0.000490072
	-0.000230916	-0.000254895	-0.000255225	-0.000255225	-0.000255233
	-9.19592e-05	-0.000114603	-0.00011498	-0.000114981	-0.000114988
	-1.37313e-05	-3.44752e-05	-3.48913e-05	-3.48938e-05	-3.49016e-05
	2.67196e-05	8.22699e-06	7.77489e-06	7.76919e-06	7.76023e-06
	4.43796e-05	2.83659e-05	2.7882e-05	2.78721e-05	2.78616e-05
	4.89083e-05	3.54346e-05	3.4929e-05	3.49151e-05	3.49026e-05
	4.63908e-05	3.53997e-05	3.48778e-05	3.48594e-05	3.48449e-05
	4.05604e-05	3.18805e-05	3.13518e-05	3.13287e-05	3.13128e-05
	3.36194e-05	2.70026e-05	2.64773e-05	2.64498e-05	2.64329e-05
	2.67879e-05	2.1944e-05	2.14322e-05	2.14006e-05	2.13832e-05
	2.06737e-05	1.72975e-05	1.68109e-05	1.67746e-05	1.67575e-05
	1.55175e-05	1.33116e-05	1.28621e-05	1.28199e-05	1.28044e-05
	1.13506e-05	1.00433e-05	9.63981e-06	9.59108e-06	9.5781e-06
	8.09422e-06	7.4497e-06	7.09708e-06	7.04298e-06	7.03247e-06
	5.61887e-06	5.44273e-06	5.1424e-06	5.08565e-06	5.07662e-06
	3.78148e-06	3.92103e-06	3.67196e-06	3.61559e-06	3.60676e-06
	2.44738e-06	2.78695e-06	2.58644e-06	2.53263e-06	2.5231e-06
	1.50158e-06	1.95338e-06	1.79823e-06	1.74829e-06	1.73776e-06
	8.50772e-07	1.34701e-06	1.23397e-06	1.18897e-06	1.17763e-06
	4.19483e-07	9.09562e-07	8.34967e-07	7.95893e-07	7.84187e-07
	1.45575e-07	5.96223e-07	5.56131e-07	5.23418e-07	5.12013e-07
	-2.10346e-08	3.73399e-07	3.63695e-07	3.37047e-07	3.26657e-07
	-1.1722e-07	2.17701e-07	2.32486e-07	2.11476e-07	2.02511e-07
	-1.66548e-07	1.13506e-07	1.43848e-07	1.28735e-07	1.2089e-07
	-1.83198e-07	4.77892e-08	8.43825e-08	7.62432e-08	6.83918e-08
	-1.77758e-07	6.91436e-09	4.48327e-08	4.4934e-08	3.55164e-08
	-1.60797e-07	-2.05976e-08	1.87929e-08	2.77915e-08	1.55682e-08
	-1.42206e-07	-3.94364e-08	1.69031e-09	1.90778e-08	3.85887e-09
	-1.28272e-07	-4.92764e-08	-9.57221e-09	1.42189e-08	-2.8179e-09
	-1.20165e-07	-5.13395e-08	-1.67293e-08	1.0081e-08	-6.55235e-09
	-1.1579e-07	-4.98878e-08	-2.06807e-08	5.32588e-09	-8.61088e-09
	-1.13696e-07	-4.72451e-08	-2.24097e-08	6.08788e-11	-9.7383e-09
	-1.1533e-07	-4.19307e-08	-2.31421e-08	-4.72113e-09	-1.04038e-08
	-1.22747e-07	-3.33275e-08	-2.36291e-08	-7.89001e-09	-1.09203e-08
	-1.33918e-07	-2.49308e-08	-2.36321e-08	-8.62959e-09	-1.14755e-08
	-1.42105e-07	-2.02759e-08	-2.24868e-08	-6.98369e-09	-1.21145e-08
	-1.41939e-07	-1.77393e-08	-2.01401e-08	-4.06102e-09	-1.27725e-08
	-1.35118e-07	-1.38157e-08	-1.74459e-08	-1.46981e-09	-1.33607e-08
	-1.26873e-07	-9.03706e-09	-1.54689e-08	-4.37396e-10	-1.38467e-08
	-1.16648e-07	-6.11066e-09	-1.46132e-08	-1.27291e-09	-1.42633e-08
	-9.74893e-08	-5.01199e-09	-1.44992e-08	-3.44866e-09	-1.46384e-08
	-6.76484e-08	-4.41759e-09	-1.45063e-08	-6.09151e-09	-1.49157e-08
	-3.56349e-08	-2.64898e-09	-1.43319e-08	-8.25521e-09	-1.49404e-08
	-6.65384e-09	1.54371e-09	-1.40562e-08	-9.15604e-09	-1.45382e-08
	2.86859e-08	5.89333e-09	-1.37339e-08	-8.57364e-09	-1.36404e-08
	7.95125e-08	8.1445e-09	-1.32026e-08	-7.03096e-09	-1.23637e-08
	1.34924e-07	8.13707e-09	-1.24613e-08	-5.48709e-09	-1.09777e-08
	1.83711e-07	9.43843e-09	-1.19803e-08	-4.64807e-09	-9.7727e-09
	2.33976e-07	1.5732e-08	-1.21594e-08	-4.59427e-09	-8.90393e-09
	2.9383e-07	2.18065e-08	-1.24826e-08	-5.25924e-09	-8.31285e-09
	3.54286e-07	2.20492e-08	-1.17846e-08	-6.10155e-09	-7.766e-09
	4.01831e-07	2.2808e-08	-9.65114e-09	-6.26045e-09	-7.03198e-09
	4.51895e-07	2.8921e-08	-7.15713e-09	-4.86335e-09	-6.08267e-09
	5.12889e-07	2.96198e-08	-5.70862e-09	-1.78165e-09	-5.09985e-09
	5.82609e-07	1.95708e-08	-5.31555e-09	1.68569e-09	-4.28783e-09
	6.81449e-07	1.27934e-08	-4.43663e-09	3.4705e-09	-3.66199e-09
	8.71305e-07	1.79566e-08	-1.54947e-09	3.01337e-09	-3.02994e-09
	1.25655e-06	2.61351e-08	3.51691e-09	1.27116e-09	-2.26806e-09
	1.63827e-06	3.84568e-08	8.26132e-09	4.42946e-10	-1.77842e-09
	-0.127669	-0.127669	-0.127669	-0.127669	-0.127669
	-0.122872	-0.122872	-0.122872	-0.122872	-0.122872
	-0.0751453	-0.0751453	-0.0751453	-0.0751452	-0.0751453
	-0.0419703	-0.0419703	-0.0419703	-0.0419703	-0.0419703
	-0.0231197	-0.0231198	-0.0231198	-0.0231198	-0.0231198
	-0.0128281	-0.0128284	-0.0128284	-0.0128284	-0.0128284
	-0.00726508	-0.00726567	-0.00726567	-0.00726566	-0.00726565
	-0.00422021	-0.0042212	-0.00422121	-0.00422118	-0.00422118
	-0.00250332	-0.0025048	-0.00250482	-0.00250479	-0.0025048
	-0.00150124	-0.00150327	-0.00150329	-0.00150328	-0.00150329
	-0.000899042	-0.000901641	-0.000901663	-0.000901664	-0.00090167
	-0.000530355	-0.000533501	-0.00053352	-0.000533525	-0.000533521
	-0.000303128	-0.00030674	-0.000306762	-0.000306766	-0.000306757
	-0.000163798	-0.000167754	-0.000167784	-0.000167784	-0.000167778
	-7.97932e-05	-8.39504e-05	-8.39892e-05	-8.39861e-05	-8.39874e-05
	-3.06691e-05	-3.48756e-05	-3.49236e-05	-3.49182e-05	-3.49253e-05
	-3.35205e-06	-7.45924e-06	-7.51767e-06	-7.51179e-06	-7.5203e-06
	1.05707e-05	6.69902e-06	6.62996e-06	6.63372e-06	6.62812e-06
	1.6492e-05	1.29702e-05	1.28939e-05	1.28929e-05	1.28928e-05
	1.78813e-05	1.47351e-05	1.46543e-05	1.46485e-05	1.46532e-05
	1.68587e-05	1.41405e-05	1.40551e-05	1.4046e-05	1.4053e-05
	1.47169e-05	1.2444e-05	1.23551e-05	1.23463e-05	1.23516e-05
	1.22119e-05	1.03755e-05	1.02836e-05	1.02777e-05	1.02784e-05
	9.76112e-06	8.32919e-06	8.23654e-06	8.23371e-06	8.22989e-06
	7.57164e-06	6.49887e-06	6.40676e-06	6.40501e-06	6.39892e-06
	5.72404e-06	4.9574e-06	4.86718e-06	4.86377e-06	4.85853e-06
	4.2272e-06	3.71072e-06	3.62447e-06	3.6174e-06	3.61521e-06
	3.05272e-06	2.73174e-06	2.65217e-06	2.64103e-06	2.64224e-06
	2.15565e-06	1.98091e-06	1.91016e-06	1.89624e-06	1.89938e-06
	1.48629e-06	1.41657e-06	1.35554e-06	1.34105e-06	1.3439e-06
	9.9678e-07	9.99678e-07	9.48344e-07	9.3512e-07	9.36124e-07
	6.45054e-07	6.96245e-07	6.54179e-07	6.42645e-07	6.41841e-07
	3.96995e-07	4.78538e-07	4.44952e-07	4.33973e-07	4.32881e-07
	2.26628e-07	3.24534e-07	2.98384e-07	2.86316e-07	2.86821e-07
	1.14364e-07	2.16562e-07	1.97126e-07	1.8325e-07	1.86299e-07
	4.4437e-08	1.40652e-07	1.27992e-07	1.13131e-07	1.18197e-07
	3.37364e-09	8.66947e-08	8.13258e-08	6.72217e-08	7.28133e-08
	-1.96954e-08	4.84581e-08	5.02714e-08	3.83926e-08	4.3105e-08
	-3.19994e-08	2.25646e-08	2.99553e-08	2.08077e-08	2.40509e-08
	-3.69325e-08	6.64073e-09	1.68493e-08	1.01923e-08	1.21381e-08
	-3.5881e-08	-1.92325e-09	8.45982e-09	3.96413e-09	4.95615e-09
	-3.05124e-08	-5.89376e-09	3.14749e-09	8.17143e-10	8.65431e-10
	-2.36817e-08	-7.71502e-09	-1.36674e-10	-5.3382e-11	-1.26472e-09
	-1.83618e-08	-8.82994e-09	-2.14319e-09	4.39175e-10	-2.23358e-09
	-1.58318e-08	-9.98657e-09	-3.41056e-09	1.19556e-09	-2.59798e-09
	-1.50823e-08	-1.10635e-08	-4.21321e-09	1.37965e-09	-2.71633e-09
	-1.43139e-08	-1.14465e-08	-4.57334e-09	9.06511e-10	-2.76615e-09
	-1.32599e-08	-1.07618e-08	-4.57299e-09	3.5167e-10	-2.81091e-09
	-1.37179e-08	-9.50755e-09	-4.48178e-09	3.00073e-10	-2.86778e-09
	-1.714e-08	-7.9925e-09	-4.55787e-09	7.57705e-10	-2.95007e-09
	-2.18639e-08	-5.98295e-09	-4.74825e-09	1.38925e-09	-3.07005e-09
	-2.41204e-08	-3.75645e-09	-4.72142e-09	1.25956e-09	-3.21845e-09
	-2.26237e-08	-2.18837e-09	-4.22229e-09	-1.39277e-10	-3.35734e-09
	-2.06723e-08	-1.94082e-09	-3.37922e-09	-2.57222e-09	-3.44487e-09
	-2.15997e-08	-2.1788e-09	-2.63165e-09	-5.01973e-09	-3.47091e-09
	-2.31942e-08	-1.78515e-09	-2.32041e-09	-6.23393e-09	-3.46813e-09
	-2.04892e-08	-7.09692e-10	-2.44812e-09	-5.6226e-09	-3.48195e-09
	-1.41142e-08	-2.82829e-10	-2.77824e-09	-3.63739e-09	-3.52139e-09
	-9.71547e-09	-4.46842e-10	-3.08136e-09	-1.69548e-09	-3.53105e-09
	-7.92987e-09	3.78655e-10	-3.29403e-09	-8.48723e-10	-3.41769e-09
	-2.77265e-09	2.01598e-09	-3.42864e-09	-1.39297e-09	-3.11474e-09
	7.77787e-09	3.67986e-09	-3.44802e-09	-2.9362e-09	-2.64049e-09
	1.75406e-08	3.47944e-09	-3.33069e-09	-4.37616e-09	-2.10246e-09
	2.40778e-08	2.63409e-09	-3.22312e-09	-4.73603e-09	-1.65154e-09
	3.43403e-08	3.20732e-09	-3.34462e-09	-3.75472e-09	-1.40392e-09
	4.71138e-08	5.38323e-09	-3.64506e-09	-2.07436e-09	-1.37412e-09
	5.46176e-08	5.64311e-09	-3.71262e-09	-6.5057e-10	-1.44723e-09
	5.57861e-08	4.26829e-09	-3.20388e-09	-1.76456e-14	-1.45078e-09
	6.24344e-08	5.5219e-09	-2.34201e-09	1.83322e-10	-1.29937e-09
	7.26148e-08	5.38577e-09	-1.7215e-09	5.79958e-10	-1.0452e-09
	7.99653e-08	2.75384e-09	-1.62352e-09	1.32363e-09	-8.10499e-10
	1.07529e-07	-4.59889e-10	-1.63178e-09	1.70449e-09	-6.67055e-10
	1.88781e-07	3.67069e-09	-9.4859e-10	1.21285e-09	-5.74585e-10
	3.52511e-07	1.17227e-08	8.12774e-10	1.61871e-10	-4.60591e-10
	5.22243e-07	1.63342e-08	2.5627e-09	1.89124e-11	-4.12026e-10
