	-0.0298426	-0.0298459	-0.0298483	-0.0298498	-0.0298501
	-0.0895666	-0.0895443	-0.0895479	-0.0895509	-0.0895509
	-0.149308	-0.149246	-0.149249	-0.149253	-0.149252
	-0.209051	-0.208947	-0.20895	-0.208954	-0.208953
	-0.268797	-0.268649	-0.268652	-0.268656	-0.268654
	-0.328544	-0.328352	-0.328354	-0.328358	-0.328356
	-0.388291	-0.388055	-0.388056	-0.38806	-0.388057
	-0.44804	-0.447757	-0.447758	-0.447762	-0.447758
	-0.507788	-0.50746	-0.50746	-0.507464	-0.507459
	-0.567537	-0.567163	-0.567162	-0.567166	-0.567161
	-0.627286	-0.626866	-0.626865	-0.626869	-0.626862
	-0.687036	-0.686569	-0.686567	-0.686571	-0.686563
	-0.746786	-0.746273	-0.746269	-0.746273	-0.746265
	-0.806536	-0.805977	-0.805972	-0.805975	-0.805966
	-0.866287	-0.86568	-0.865674	-0.865677	-0.865667
	-0.926038	-0.925384	-0.925376	-0.925379	-0.925369
	-0.985789	-0.985088	-0.985078	-0.985082	-0.98507
	-1.04554	-1.04479	-1.04478	-1.04478	-1.04477
	-1.10529	-1.1045	-1.10448	-1.10449	-1.10447
	-1.16504	-1.1642	-1.16418	-1.16419	-1.16417
	-1.22479	-1.2239	-1.22389	-1.22389	-1.22388
	-1.28454	-1.28361	-1.28359	-1.28359	-1.28358
	-1.34429	-1.34331	-1.34329	-1.3433	-1.34328
	-1.40404	-1.40302	-1.40299	-1.403	-1.40298
	-1.46379	-1.46272	-1.4627	-1.4627	-1.46268
	-1.52354	-1.52242	-1.5224	-1.5224	-1.52238
	-1.58329	-1.58213	-1.5821	-1.5821	-1.58208
	-1.64304	-1.64183	-1.6418	-1.64181	-1.64179
	-1.70279	-1.70154	-1.70151	-1.70151	-1.70149
	-1.76253	-1.76124	-1.76121	-1.76121	-1.76119
	-1.82228	-1.82094	-1.82091	-1.82091	-1.82089
	-1.88203	-1.88065	-1.88062	-1.88062	-1.88059
	-1.94178	-1.94035	-1.94032	-1.94032	-1.9403
	-2.00152	-2.00006	-2.00002	-2.00002	-2
	-2.06127	-2.05976	-2.05972	-2.05972	-2.0597
	-2.12101	-2.11946	-2.11943	-2.11943	-2.1194
	-2.18076	-2.17917	-2.17913	-2.17913	-2.1791
	-2.24051	-2.23887	-2.23883	-2.23883	-2.23881
	-2.30025	-2.29857	-2.29853	-2.29853	-2.29851
	-2.36	-2.35828	-2.35824	-2.35824	-2.35821
	-2.41975	-2.41798	-2.41794	-2.41794	-2.41791
	-2.47949	-2.47769	-2.47764	-2.47764	-2.47761
	-2.53924	-2.53739	-2.53734	-2.53734	-2.53732
	-2.59899	-2.59709	-2.59705	-2.59705	-2.59702
	-2.65874	-2.6568	-2.65675	-2.65675	-2.65672
	-2.71848	-2.7165	-2.71645	-2.71645	-2.71642
	-2.77823	-2.7762	-2.77615	-2.77615	-2.77612
	-2.83798	-2.83591	-2.83586	-2.83586	-2.83583
	-2.89773	-2.89561	-2.89556	-2.89556	-2.89553
	-2.95747	-2.95531	-2.95526	-2.95526	-2.95523
	-3.01722	-3.01502	-3.01496	-3.01496	-3.01493
	-3.07697	-3.07472	-3.07467	-3.07467	-3.07463
	-3.13672	-3.13443	-3.13437	-3.13437	-3.13433
	-3.19646	-3.19413	-3.19407	-3.19407	-3.19404
	-3.25621	-3.25383	-3.25377	-3.25377	-3.25374
	-3.31596	-3.31354	-3.31347	-3.31348	-3.31344
	-3.3757	-3.37324	-3.37318	-3.37318	-3.37314
	-3.43545	-3.43294	-3.43288	-3.43288	-3.43284
	-3.49519	-3.49265	-3.49258	-3.49258	-3.49255
	-3.55494	-3.55235	-3.55228	-3.55228	-3.55225
	-3.61469	-3.61205	-3.61199	-3.61199	-3.61195
	-3.67443	-3.67176	-3.67169	-3.67169	-3.67165
	-3.73418	-3.73146	-3.73139	-3.73139	-3.73135
	-3.79392	-3.79116	-3.79109	-3.79109	-3.79106
	-3.85367	-3.85087	-3.85079	-3.8508	-3.85076
	-3.91342	-3.91057	-3.9105	-3.9105	-3.91046
	-3.97316	-3.97027	-3.9702	-3.9702	-3.97016
	-4.03291	-4.02998	-4.0299	-4.0299	-4.02987
	-4.09266	-4.08968	-4.0896	-4.08961	-4.08957
	-4.1524	-4.14939	-4.14931	-4.14931	-4.14927
	-4.21215	-4.20909	-4.20901	-4.20901	-4.20897
	-4.2719	-4.2688	-4.26872	-4.26872	-4.26868
	-4.33165	-4.3285	-4.32842	-4.32842	-4.32838
	-4.3914	-4.38821	-4.38813	-4.38813	-4.38809
	-4.45115	-4.44792	-4.44784	-4.44784	-4.4478
	-4.51091	-4.50763	-4.50755	-4.50755	-4.50751
	-4.57067	-4.56735	-4.56726	-4.56726	-4.56722
	-4.63044	-4.62707	-4.62698	-4.62698	-4.62694
	-4.69021	-4.6868	-4.68671	-4.68671	-4.68667
	-4.75	-4.74654	-4.74645	-4.74646	-4.74641
	-4.80981	-4.8063	-4.80621	-4.80621	-4.80617
	-4.86963	-4.86609	-4.86599	-4.866	-4.86595
	-4.9295	-4.92591	-4.92581	-4.92581	-4.92577
	-4.98942	-4.98578	-4.98568	-4.98568	-4.98564
	-5.0494	-5.04572	-5.04562	-5.04562	-5.04558
	-5.1095	-5.10577	-5.10567	-5.10567	-5.10563
	-5.16975	-5.16597	-5.16587	-5.16587	-5.16583
	-5.23024	-5.22641	-5.2263	-5.22631	-5.22626
	-5.29109	-5.28721	-5.2871	-5.2871	-5.28706
	-5.35255	-5.34861	-5.3485	-5.3485	-5.34846
	-5.41507	-5.41106	-5.41095	-5.41095	-5.41091
	-5.47953	-5.47545	-5.47534	-5.47534	-5.47529
	-5.5478	-5.54365	-5.54353	-5.54353	-5.54349
	-5.624	-5.61976	-5.61964	-5.61964	-5.61959
	-5.71749	-5.71316	-5.71305	-5.71305	-5.713
	-5.8484	-5.84398	-5.84386	-5.84386	-5.84382
	-6.05562	-6.05115	-6.05103	-6.05103	-6.05098
	-6.44937	-6.44487	-6.44475	-6.44475	-6.44471
	-7.46611	-7.46166	-7.46155	-7.46154	-7.4615
	-9.78129	-9.77693	-9.77681	-9.7768	-9.77676
	-0.0298478	-0.0298467	-0.0298487	-0.02985	-0.0298502
	-0.0895784	-0.0895464	-0.0895487	-0.0895512	-0.0895511
	-0.14932	-0.149248	-0.14925	-0.149253	-0.149252
	-0.209063	-0.20895	-0.208951	-0.208955	-0.208953
	-0.268807	-0.268651	-0.268653	-0.268657	-0.268655
	-0.328553	-0.328354	-0.328355	-0.328359	-0.328356
	-0.3883	-0.388056	-0.388057	-0.388061	-0.388057
	-0.448047	-0.447759	-0.447759	-0.447763	-0.447758
	-0.507795	-0.507462	-0.507461	-0.507465	-0.507459
	-0.567543	-0.567165	-0.567163	-0.567167	-0.567161
	-0.627292	-0.626868	-0.626865	-0.626869	-0.626862
	-0.687041	-0.686571	-0.686567	-0.686571	-0.686563
	-0.74679	-0.746274	-0.74627	-0.746273	-0.746265
	-0.80654	-0.805978	-0.805972	-0.805975	-0.805966
	-0.86629	-0.865682	-0.865674	-0.865677	-0.865667
	-0.92604	-0.925386	-0.925377	-0.92538	-0.925369
	-0.985791	-0.98509	-0.985079	-0.985082	-0.98507
	-1.04554	-1.04479	-1.04478	-1.04478	-1.04477
	-1.10529	-1.1045	-1.10448	-1.10449	-1.10447
	-1.16504	-1.1642	-1.16418	-1.16419	-1.16417
	-1.22479	-1.22391	-1.22389	-1.22389	-1.22388
	-1.28454	-1.28361	-1.28359	-1.28359	-1.28358
	-1.34429	-1.34331	-1.34329	-1.3433	-1.34328
	-1.40404	-1.40302	-1.40299	-1.403	-1.40298
	-1.46379	-1.46272	-1.4627	-1.4627	-1.46268
	-1.52354	-1.52243	-1.5224	-1.5224	-1.52238
	-1.58329	-1.58213	-1.5821	-1.5821	-1.58209
	-1.64304	-1.64183	-1.6418	-1.64181	-1.64179
	-1.70278	-1.70154	-1.70151	-1.70151	-1.70149
	-1.76253	-1.76124	-1.76121	-1.76121	-1.76119
	-1.82228	-1.82094	-1.82091	-1.82091	-1.82089
	-1.88203	-1.88065	-1.88062	-1.88062	-1.88059
	-1.94177	-1.94035	-1.94032	-1.94032	-1.9403
	-2.00152	-2.00006	-2.00002	-2.00002	-2
	-2.06127	-2.05976	-2.05972	-2.05972	-2.0597
	-2.12101	-2.11946	-2.11943	-2.11943	-2.1194
	-2.18076	-2.17917	-2.17913	-2.17913	-2.1791
	-2.24051	-2.23887	-2.23883	-2.23883	-2.23881
	-2.30025	-2.29857	-2.29853	-2.29853	-2.29851
	-2.36	-2.35828	-2.35824	-2.35824	-2.35821
	-2.41975	-2.41798	-2.41794	-2.41794	-2.41791
	-2.47949	-2.47769	-2.47764	-2.47764	-2.47761
	-2.53924	-2.53739	-2.53734	-2.53734	-2.53732
	-2.59899	-2.59709	-2.59705	-2.59705	-2.59702
	-2.65874	-2.6568	-2.65675	-2.65675	-2.65672
	-2.71848	-2.7165	-2.71645	-2.71645	-2.71642
	-2.77823	-2.7762	-2.77615	-2.77615	-2.77612
	-2.83798	-2.83591	-2.83586	-2.83586	-2.83583
	-2.89773	-2.89561	-2.89556	-2.89556	-2.89553
	-2.95747	-2.95531	-2.95526	-2.95526	-2.95523
	-3.01722	-3.01502	-3.01496	-3.01496	-3.01493
	-3.07697	-3.07472	-3.07467	-3.07467	-3.07463
	-3.13672	-3.13443	-3.13437	-3.13437	-3.13433
	-3.19646	-3.19413	-3.19407	-3.19407	-3.19404
	-3.25621	-3.25383	-3.25377	-3.25377	-3.25374
	-3.31596	-3.31354	-3.31347	-3.31348	-3.31344
	-3.3757	-3.37324	-3.37318	-3.37318	-3.37314
	-3.43545	-3.43294	-3.43288	-3.43288	-3.43284
	-3.49519	-3.49265	-3.49258	-3.49258	-3.49255
	-3.55494	-3.55235	-3.55228	-3.55228	-3.55225
	-3.61469	-3.61205	-3.61199	-3.61199	-3.61195
	-3.67443	-3.67176	-3.67169	-3.67169	-3.67165
	-3.73418	-3.73146	-3.73139	-3.73139	-3.73135
	-3.79393	-3.79116	-3.79109	-3.79109	-3.79106
	-3.85367	-3.85087	-3.8508	-3.8508	-3.85076
	-3.91342	-3.91057	-3.9105	-3.9105	-3.91046
	-3.97317	-3.97028	-3.9702	-3.9702	-3.97016
	-4.03291	-4.02998	-4.0299	-4.02991	-4.02987
	-4.09266	-4.08969	-4.08961	-4.08961	-4.08957
	-4.15241	-4.14939	-4.14931	-4.14932	-4.14928
	-4.21216	-4.2091	-4.20902	-4.20902	-4.20898
	-4.27191	-4.26881	-4.26873	-4.26873	-4.26869
	-4.33167	-4.32852	-4.32844	-4.32844	-4.3284
	-4.39142	-4.38823	-4.38815	-4.38815	-4.38811
	-4.45119	-4.44795	-4.44787	-4.44787	-4.44783
	-4.51096	-4.50768	-4.50759	-4.5076	-4.50756
	-4.57074	-4.56742	-4.56733	-4.56733	-4.56729
	-4.63054	-4.62717	-4.62708	-4.62709	-4.62705
	-4.69036	-4.68695	-4.68686	-4.68686	-4.68682
	-4.75022	-4.74676	-4.74667	-4.74667	-4.74663
	-4.81012	-4.80662	-4.80652	-4.80653	-4.80649
	-4.87009	-4.86655	-4.86645	-4.86645	-4.86641
	-4.93017	-4.92657	-4.92648	-4.92648	-4.92644
	-4.99039	-4.98675	-4.98665	-4.98666	-4.98661
	-5.05083	-5.04715	-5.04705	-5.04705	-5.04701
	-5.1116	-5.10787	-5.10777	-5.10777	-5.10773
	-5.17285	-5.16907	-5.16897	-5.16897	-5.16893
	-5.23484	-5.23101	-5.2309	-5.2309	-5.23086
	-5.29794	-5.29406	-5.29395	-5.29396	-5.29391
	-5.3628	-5.35886	-5.35875	-5.35876	-5.35871
	-5.43045	-5.42645	-5.42634	-5.42634	-5.4263
	-5.50265	-5.49859	-5.49847	-5.49847	-5.49843
	-5.58242	-5.57829	-5.57818	-5.57818	-5.57813
	-5.67512	-5.67092	-5.6708	-5.6708	-5.67076
	-5.79049	-5.78621	-5.7861	-5.7861	-5.78605
	-5.94565	-5.94131	-5.94119	-5.94119	-5.94114
	-6.16683	-6.16244	-6.16232	-6.16232	-6.16228
	-6.50093	-6.49652	-6.4964	-6.4964	-6.49636
	-7.08049	-7.07612	-7.07601	-7.07601	-7.07596
	-8.00339	-7.99912	-7.999	-7.999	-7.99896
	-0.0298494	-0.0298471	-0.0298488	-0.02985	-0.0298502
	-0.0895845	-0.0895475	-0.0895493	-0.0895514	-0.0895512
	-0.149328	-0.14925	-0.149251	-0.149253	-0.149252
	-0.209071	-0.208951	-0.208952	-0.208955	-0.208954
	-0.268815	-0.268653	-0.268654	-0.268657	-0.268655
	-0.328561	-0.328355	-0.328356	-0.328359	-0.328356
	-0.388307	-0.388058	-0.388058	-0.388061	-0.388057
	-0.448054	-0.447761	-0.44776	-0.447763	-0.447758
	-0.507801	-0.507463	-0.507461	-0.507465	-0.50746
	-0.567548	-0.567166	-0.567163	-0.567167	-0.567161
	-0.627296	-0.626869	-0.626866	-0.626869	-0.626862
	-0.687045	-0.686572	-0.686568	-0.686571	-0.686563
	-0.746793	-0.746276	-0.74627	-0.746273	-0.746265
	-0.806543	-0.805979	-0.805973	-0.805975	-0.805966
	-0.866292	-0.865683	-0.865675	-0.865678	-0.865667
	-0.926042	-0.925387	-0.925377	-0.92538	-0.925369
	-0.985792	-0.985091	-0.985079	-0.985082	-0.98507
	-1.04554	-1.04479	-1.04478	-1.04478	-1.04477
	-1.10529	-1.1045	-1.10448	-1.10449	-1.10447
	-1.16504	-1.1642	-1.16419	-1.16419	-1.16417
	-1.22479	-1.22391	-1.22389	-1.22389	-1.22388
	-1.28454	-1.28361	-1.28359	-1.28359	-1.28358
	-1.34429	-1.34331	-1.34329	-1.3433	-1.34328
	-1.40404	-1.40302	-1.40299	-1.403	-1.40298
	-1.46379	-1.46272	-1.4627	-1.4627	-1.46268
	-1.52354	-1.52243	-1.5224	-1.5224	-1.52238
	-1.58329	-1.58213	-1.5821	-1.5821	-1.58209
	-1.64303	-1.64183	-1.6418	-1.64181	-1.64179
	-1.70278	-1.70154	-1.70151	-1.70151	-1.70149
	-1.76253	-1.76124	-1.76121	-1.76121	-1.76119
	-1.82228	-1.82094	-1.82091	-1.82091	-1.82089
	-1.88203	-1.88065	-1.88062	-1.88062	-1.88059
	-1.94177	-1.94035	-1.94032	-1.94032	-1.9403
	-2.00152	-2.00006	-2.00002	-2.00002	-2
	-2.06127	-2.05976	-2.05972	-2.05972	-2.0597
	-2.12101	-2.11946	-2.11943	-2.11943	-2.1194
	-2.18076	-2.17917	-2.17913	-2.17913	-2.1791
	-2.2405	-2.23887	-2.23883	-2.23883	-2.23881
	-2.30025	-2.29857	-2.29853	-2.29853	-2.29851
	-2.36	-2.35828	-2.35824	-2.35824	-2.35821
	-2.41975	-2.41798	-2.41794	-2.41794	-2.41791
	-2.47949	-2.47769	-2.47764	-2.47764	-2.47761
	-2.53924	-2.53739	-2.53734	-2.53734	-2.53732
	-2.59899	-2.59709	-2.59705	-2.59705	-2.59702
	-2.65873	-2.6568	-2.65675	-2.65675	-2.65672
	-2.71848	-2.7165	-2.71645	-2.71645	-2.71642
	-2.77823	-2.7762	-2.77615	-2.77615	-2.77612
	-2.83798	-2.83591	-2.83586	-2.83586	-2.83582
	-2.89772	-2.89561	-2.89556	-2.89556	-2.89553
	-2.95747	-2.95531	-2.95526	-2.95526	-2.95523
	-3.01722	-3.01502	-3.01496	-3.01496	-3.01493
	-3.07697	-3.07472	-3.07467	-3.07467	-3.07463
	-3.13671	-3.13443	-3.13437	-3.13437	-3.13433
	-3.19646	-3.19413	-3.19407	-3.19407	-3.19404
	-3.25621	-3.25383	-3.25377	-3.25377	-3.25374
	-3.31595	-3.31354	-3.31347	-3.31348	-3.31344
	-3.3757	-3.37324	-3.37318	-3.37318	-3.37314
	-3.43545	-3.43294	-3.43288	-3.43288	-3.43284
	-3.49519	-3.49265	-3.49258	-3.49258	-3.49255
	-3.55494	-3.55235	-3.55228	-3.55228	-3.55225
	-3.61469	-3.61205	-3.61199	-3.61199	-3.61195
	-3.67443	-3.67176	-3.67169	-3.67169	-3.67165
	-3.73418	-3.73146	-3.73139	-3.73139	-3.73136
	-3.79393	-3.79116	-3.79109	-3.79109	-3.79106
	-3.85367	-3.85087	-3.8508	-3.8508	-3.85076
	-3.91342	-3.91057	-3.9105	-3.9105	-3.91046
	-3.97317	-3.97028	-3.9702	-3.9702	-3.97017
	-4.03292	-4.02998	-4.02991	-4.02991	-4.02987
	-4.09266	-4.08969	-4.08961	-4.08961	-4.08957
	-4.15241	-4.14939	-4.14932	-4.14932	-4.14928
	-4.21217	-4.2091	-4.20902	-4.20903	-4.20899
	-4.27192	-4.26881	-4.26873	-4.26873	-4.2687
	-4.33168	-4.32853	-4.32845	-4.32845	-4.32841
	-4.39144	-4.38825	-4.38816	-4.38817	-4.38812
	-4.45121	-4.44797	-4.44789	-4.44789	-4.44785
	-4.51099	-4.50771	-4.50762	-4.50762	-4.50758
	-4.57078	-4.56746	-4.56737	-4.56737	-4.56733
	-4.6306	-4.62723	-4.62714	-4.62714	-4.6271
	-4.69044	-4.68703	-4.68694	-4.68694	-4.6869
	-4.75033	-4.74688	-4.74678	-4.74679	-4.74675
	-4.81029	-4.80679	-4.80669	-4.8067	-4.80665
	-4.87034	-4.86679	-4.86669	-4.8667	-4.86666
	-4.93052	-4.92693	-4.92683	-4.92684	-4.92679
	-4.99091	-4.98727	-4.98717	-4.98717	-4.98713
	-5.05158	-5.0479	-5.0478	-5.0478	-5.04776
	-5.11269	-5.10896	-5.10886	-5.10886	-5.10882
	-5.17443	-5.17065	-5.17055	-5.17055	-5.17051
	-5.23711	-5.23329	-5.23318	-5.23319	-5.23314
	-5.3012	-5.29733	-5.29722	-5.29722	-5.29718
	-5.36741	-5.36348	-5.36337	-5.36337	-5.36333
	-5.43682	-5.43284	-5.43273	-5.43273	-5.43269
	-5.51113	-5.50709	-5.50698	-5.50698	-5.50693
	-5.59294	-5.58884	-5.58872	-5.58872	-5.58868
	-5.68627	-5.6821	-5.68199	-5.68199	-5.68195
	-5.79731	-5.79308	-5.79296	-5.79296	-5.79292
	-5.93509	-5.9308	-5.93068	-5.93068	-5.93064
	-6.11064	-6.1063	-6.10618	-6.10618	-6.10614
	-6.33468	-6.33033	-6.33021	-6.33021	-6.33017
	-6.61578	-6.61148	-6.61136	-6.61137	-6.61132
	-6.90397	-6.89979	-6.89967	-6.89968	-6.89963
	-0.0298504	-0.0298473	-0.029849	-0.0298501	-0.0298502
	-0.0895877	-0.0895481	-0.0895497	-0.0895515	-0.0895512
	-0.149333	-0.149251	-0.149251	-0.149253	-0.149252
	-0.209077	-0.208953	-0.208953	-0.208955	-0.208954
	-0.268821	-0.268655	-0.268655	-0.268657	-0.268655
	-0.328567	-0.328357	-0.328357	-0.328359	-0.328356
	-0.388313	-0.38806	-0.388059	-0.388061	-0.388057
	-0.448059	-0.447762	-0.44776	-0.447763	-0.447758
	-0.507806	-0.507465	-0.507462	-0.507465	-0.50746
	-0.567553	-0.567168	-0.567164	-0.567167	-0.567161
	-0.6273	-0.626871	-0.626866	-0.626869	-0.626862
	-0.687048	-0.686574	-0.686568	-0.686571	-0.686563
	-0.746797	-0.746277	-0.746271	-0.746273	-0.746265
	-0.806545	-0.805981	-0.805973	-0.805976	-0.805966
	-0.866295	-0.865685	-0.865675	-0.865678	-0.865668
	-0.926044	-0.925388	-0.925377	-0.92538	-0.925369
	-0.985794	-0.985092	-0.98508	-0.985082	-0.98507
	-1.04554	-1.0448	-1.04478	-1.04478	-1.04477
	-1.10529	-1.1045	-1.10448	-1.10449	-1.10447
	-1.16504	-1.1642	-1.16419	-1.16419	-1.16417
	-1.22479	-1.22391	-1.22389	-1.22389	-1.22388
	-1.28454	-1.28361	-1.28359	-1.28359	-1.28358
	-1.34429	-1.34331	-1.34329	-1.3433	-1.34328
	-1.40404	-1.40302	-1.40299	-1.403	-1.40298
	-1.46379	-1.46272	-1.4627	-1.4627	-1.46268
	-1.52353	-1.52243	-1.5224	-1.5224	-1.52238
	-1.58328	-1.58213	-1.5821	-1.5821	-1.58209
	-1.64303	-1.64183	-1.6418	-1.64181	-1.64179
	-1.70278	-1.70154	-1.70151	-1.70151	-1.70149
	-1.76253	-1.76124	-1.76121	-1.76121	-1.76119
	-1.82228	-1.82094	-1.82091	-1.82091	-1.82089
	-1.88202	-1.88065	-1.88062	-1.88062	-1.88059
	-1.94177	-1.94035	-1.94032	-1.94032	-1.9403
	-2.00152	-2.00005	-2.00002	-2.00002	-2
	-2.06126	-2.05976	-2.05972	-2.05972	-2.0597
	-2.12101	-2.11946	-2.11943	-2.11943	-2.1194
	-2.18076	-2.17917	-2.17913	-2.17913	-2.1791
	-2.2405	-2.23887	-2.23883	-2.23883	-2.23881
	-2.30025	-2.29857	-2.29853	-2.29853	-2.29851
	-2.36	-2.35828	-2.35824	-2.35824	-2.35821
	-2.41974	-2.41798	-2.41794	-2.41794	-2.41791
	-2.47949	-2.47768	-2.47764	-2.47764	-2.47761
	-2.53924	-2.53739	-2.53734	-2.53734	-2.53732
	-2.59899	-2.59709	-2.59705	-2.59705	-2.59702
	-2.65873	-2.6568	-2.65675	-2.65675	-2.65672
	-2.71848	-2.7165	-2.71645	-2.71645	-2.71642
	-2.77823	-2.7762	-2.77615	-2.77615	-2.77612
	-2.83798	-2.83591	-2.83586	-2.83586	-2.83582
	-2.89772	-2.89561	-2.89556	-2.89556	-2.89553
	-2.95747	-2.95531	-2.95526	-2.95526	-2.95523
	-3.01722	-3.01502	-3.01496	-3.01496	-3.01493
	-3.07697	-3.07472	-3.07467	-3.07467	-3.07463
	-3.13671	-3.13442	-3.13437	-3.13437	-3.13433
	-3.19646	-3.19413	-3.19407	-3.19407	-3.19404
	-3.25621	-3.25383	-3.25377	-3.25377	-3.25374
	-3.31595	-3.31354	-3.31347	-3.31348	-3.31344
	-3.3757	-3.37324	-3.37318	-3.37318	-3.37314
	-3.43545	-3.43294	-3.43288	-3.43288	-3.43284
	-3.49519	-3.49265	-3.49258	-3.49258	-3.49255
	-3.55494	-3.55235	-3.55228	-3.55228	-3.55225
	-3.61469	-3.61205	-3.61199	-3.61199	-3.61195
	-3.67443	-3.67176	-3.67169	-3.67169	-3.67165
	-3.73418	-3.73146	-3.73139	-3.73139	-3.73136
	-3.79393	-3.79116	-3.79109	-3.79109	-3.79106
	-3.85367	-3.85087	-3.8508	-3.8508	-3.85076
	-3.91342	-3.91057	-3.9105	-3.9105	-3.91046
	-3.97317	-3.97028	-3.9702	-3.9702	-3.97017
	-4.03292	-4.02998	-4.02991	-4.02991	-4.02987
	-4.09266	-4.08969	-4.08961	-4.08961	-4.08957
	-4.15241	-4.14939	-4.14932	-4.14932	-4.14928
	-4.21217	-4.2091	-4.20902	-4.20903	-4.20899
	-4.27192	-4.26881	-4.26873	-4.26873	-4.26869
	-4.33168	-4.32853	-4.32844	-4.32845	-4.32841
	-4.39144	-4.38824	-4.38816	-4.38816	-4.38812
	-4.45121	-4.44797	-4.44788	-4.44789	-4.44785
	-4.51099	-4.5077	-4.50762	-4.50762	-4.50758
	-4.57078	-4.56745	-4.56737	-4.56737	-4.56733
	-4.63059	-4.62722	-4.62713	-4.62714	-4.6271
	-4.69043	-4.68702	-4.68693	-4.68693	-4.68689
	-4.75032	-4.74686	-4.74677	-4.74677	-4.74673
	-4.81027	-4.80677	-4.80667	-4.80668	-4.80663
	-4.87031	-4.86676	-4.86666	-4.86667	-4.86663
	-4.93048	-4.92688	-4.92679	-4.92679	-4.92675
	-4.99083	-4.9872	-4.9871	-4.9871	-4.98706
	-5.05147	-5.04778	-5.04768	-5.04769	-5.04764
	-5.1125	-5.10877	-5.10867	-5.10867	-5.10863
	-5.17411	-5.17033	-5.17023	-5.17023	-5.17019
	-5.23655	-5.23273	-5.23262	-5.23263	-5.23258
	-5.3002	-5.29633	-5.29622	-5.29622	-5.29618
	-5.36558	-5.36166	-5.36155	-5.36156	-5.36151
	-5.43344	-5.42947	-5.42936	-5.42936	-5.42932
	-5.50482	-5.5008	-5.50068	-5.50069	-5.50064
	-5.58112	-5.57704	-5.57693	-5.57693	-5.57688
	-5.66417	-5.66003	-5.65992	-5.65992	-5.65988
	-5.75621	-5.75201	-5.75189	-5.75189	-5.75185
	-5.85956	-5.8553	-5.85519	-5.85519	-5.85514
	-5.97589	-5.9716	-5.97148	-5.97148	-5.97143
	-6.1038	-6.09949	-6.09938	-6.09937	-6.09933
	-6.22434	-6.22007	-6.21995	-6.21995	-6.21991
	-6.27641	-6.27225	-6.27214	-6.27214	-6.2721
	-0.029852	-0.0298476	-0.0298492	-0.0298502	-0.0298503
	-0.0895907	-0.0895486	-0.0895501	-0.0895516	-0.0895513
	-0.149338	-0.149252	-0.149252	-0.149254	-0.149253
	-0.209082	-0.208954	-0.208954	-0.208956	-0.208954
	-0.268827	-0.268656	-0.268656	-0.268657	-0.268655
	-0.328572	-0.328358	-0.328358	-0.328359	-0.328356
	-0.388318	-0.388061	-0.388059	-0.388061	-0.388057
	-0.448064	-0.447764	-0.447761	-0.447763	-0.447759
	-0.507811	-0.507466	-0.507463	-0.507465	-0.50746
	-0.567557	-0.567169	-0.567165	-0.567167	-0.567161
	-0.627304	-0.626872	-0.626867	-0.62687	-0.626862
	-0.687052	-0.686575	-0.686569	-0.686572	-0.686564
	-0.7468	-0.746279	-0.746271	-0.746274	-0.746265
	-0.806548	-0.805982	-0.805973	-0.805976	-0.805966
	-0.866297	-0.865686	-0.865676	-0.865678	-0.865668
	-0.926046	-0.92539	-0.925378	-0.92538	-0.925369
	-0.985795	-0.985094	-0.98508	-0.985082	-0.98507
	-1.04554	-1.0448	-1.04478	-1.04478	-1.04477
	-1.10529	-1.1045	-1.10448	-1.10449	-1.10447
	-1.16504	-1.1642	-1.16419	-1.16419	-1.16417
	-1.22479	-1.22391	-1.22389	-1.22389	-1.22388
	-1.28454	-1.28361	-1.28359	-1.28359	-1.28358
	-1.34429	-1.34331	-1.34329	-1.3433	-1.34328
	-1.40404	-1.40302	-1.403	-1.403	-1.40298
	-1.46379	-1.46272	-1.4627	-1.4627	-1.46268
	-1.52353	-1.52243	-1.5224	-1.5224	-1.52238
	-1.58328	-1.58213	-1.5821	-1.58211	-1.58209
	-1.64303	-1.64183	-1.64181	-1.64181	-1.64179
	-1.70278	-1.70154	-1.70151	-1.70151	-1.70149
	-1.76253	-1.76124	-1.76121	-1.76121	-1.76119
	-1.82228	-1.82094	-1.82091	-1.82091	-1.82089
	-1.88202	-1.88065	-1.88062	-1.88062	-1.88059
	-1.94177	-1.94035	-1.94032	-1.94032	-1.9403
	-2.00152	-2.00005	-2.00002	-2.00002	-2
	-2.06126	-2.05976	-2.05972	-2.05972	-2.0597
	-2.12101	-2.11946	-2.11943	-2.11943	-2.1194
	-2.18076	-2.17917	-2.17913	-2.17913	-2.1791
	-2.2405	-2.23887	-2.23883	-2.23883	-2.23881
	-2.30025	-2.29857	-2.29853	-2.29853	-2.29851
	-2.36	-2.35828	-2.35824	-2.35824	-2.35821
	-2.41974	-2.41798	-2.41794	-2.41794	-2.41791
	-2.47949	-2.47768	-2.47764	-2.47764	-2.47761
	-2.53924	-2.53739	-2.53734	-2.53734	-2.53732
	-2.59898	-2.59709	-2.59705	-2.59705	-2.59702
	-2.65873	-2.6568	-2.65675	-2.65675	-2.65672
	-2.71848	-2.7165	-2.71645	-2.71645	-2.71642
	-2.77823	-2.7762	-2.77615	-2.77615	-2.77612
	-2.83797	-2.83591	-2.83586	-2.83586	-2.83582
	-2.89772	-2.89561	-2.89556	-2.89556	-2.89553
	-2.95747	-2.95531	-2.95526	-2.95526	-2.95523
	-3.01722	-3.01502	-3.01496	-3.01496	-3.01493
	-3.07696	-3.07472	-3.07467	-3.07467	-3.07463
	-3.13671	-3.13442	-3.13437	-3.13437	-3.13433
	-3.19646	-3.19413	-3.19407	-3.19407	-3.19404
	-3.25621	-3.25383	-3.25377	-3.25377	-3.25374
	-3.31595	-3.31354	-3.31347	-3.31348	-3.31344
	-3.3757	-3.37324	-3.37318	-3.37318	-3.37314
	-3.43545	-3.43294	-3.43288	-3.43288	-3.43284
	-3.49519	-3.49265	-3.49258	-3.49258	-3.49255
	-3.55494	-3.55235	-3.55228	-3.55228	-3.55225
	-3.61469	-3.61205	-3.61199	-3.61199	-3.61195
	-3.67443	-3.67176	-3.67169	-3.67169	-3.67165
	-3.73418	-3.73146	-3.73139	-3.73139	-3.73136
	-3.79393	-3.79116	-3.79109	-3.79109	-3.79106
	-3.85367	-3.85087	-3.8508	-3.8508	-3.85076
	-3.91342	-3.91057	-3.9105	-3.9105	-3.91046
	-3.97317	-3.97028	-3.9702	-3.9702	-3.97016
	-4.03291	-4.02998	-4.0299	-4.02991	-4.02987
	-4.09266	-4.08968	-4.08961	-4.08961	-4.08957
	-4.15241	-4.14939	-4.14931	-4.14931	-4.14928
	-4.21216	-4.2091	-4.20902	-4.20902	-4.20898
	-4.27191	-4.26881	-4.26872	-4.26873	-4.26869
	-4.33167	-4.32852	-4.32843	-4.32844	-4.3284
	-4.39142	-4.38823	-4.38815	-4.38815	-4.38811
	-4.45119	-4.44795	-4.44786	-4.44786	-4.44782
	-4.51095	-4.50767	-4.50759	-4.50759	-4.50755
	-4.57073	-4.56741	-4.56732	-4.56732	-4.56728
	-4.63052	-4.62715	-4.62706	-4.62707	-4.62703
	-4.69034	-4.68692	-4.68683	-4.68683	-4.68679
	-4.75018	-4.74672	-4.74663	-4.74663	-4.74659
	-4.81006	-4.80655	-4.80646	-4.80646	-4.80642
	-4.87	-4.86645	-4.86636	-4.86636	-4.86632
	-4.93003	-4.92643	-4.92634	-4.92634	-4.9263
	-4.99018	-4.98654	-4.98644	-4.98645	-4.9864
	-5.0505	-5.04682	-5.04672	-5.04672	-5.04668
	-5.11107	-5.10734	-5.10724	-5.10725	-5.1072
	-5.17198	-5.16821	-5.16811	-5.16811	-5.16807
	-5.23338	-5.22956	-5.22946	-5.22946	-5.22942
	-5.29542	-5.29156	-5.29145	-5.29146	-5.29141
	-5.35833	-5.35442	-5.35431	-5.35432	-5.35427
	-5.42236	-5.4184	-5.41829	-5.41829	-5.41825
	-5.48775	-5.48374	-5.48363	-5.48363	-5.48358
	-5.55468	-5.55062	-5.55051	-5.55051	-5.55046
	-5.62314	-5.61902	-5.6189	-5.6189	-5.61886
	-5.69261	-5.68843	-5.68831	-5.68832	-5.68827
	-5.76168	-5.75744	-5.75732	-5.75733	-5.75728
	-5.82776	-5.82347	-5.82335	-5.82336	-5.82331
	-5.88579	-5.88148	-5.88136	-5.88136	-5.88132
	-5.91339	-5.90909	-5.90897	-5.90897	-5.90893
	-5.86319	-5.85896	-5.85885	-5.85885	-5.8588
	-0.0298542	-0.0298481	-0.0298495	-0.0298503	-0.0298503
	-0.0895938	-0.0895491	-0.0895505	-0.0895518	-0.0895514
	-0.149342	-0.149252	-0.149253	-0.149254	-0.149253
	-0.209087	-0.208955	-0.208955	-0.208956	-0.208954
	-0.268832	-0.268657	-0.268656	-0.268658	-0.268655
	-0.328578	-0.32836	-0.328358	-0.32836	-0.328356
	-0.388324	-0.388062	-0.38806	-0.388062	-0.388057
	-0.44807	-0.447765	-0.447762	-0.447764	-0.447759
	-0.507816	-0.507468	-0.507463	-0.507466	-0.50746
	-0.567562	-0.567171	-0.567165	-0.567168	-0.567161
	-0.627309	-0.626874	-0.626867	-0.62687	-0.626862
	-0.687056	-0.686577	-0.686569	-0.686572	-0.686564
	-0.746803	-0.74628	-0.746271	-0.746274	-0.746265
	-0.806551	-0.805984	-0.805974	-0.805976	-0.805966
	-0.8663	-0.865687	-0.865676	-0.865678	-0.865668
	-0.926049	-0.925391	-0.925378	-0.92538	-0.925369
	-0.985797	-0.985095	-0.98508	-0.985082	-0.98507
	-1.04555	-1.0448	-1.04478	-1.04478	-1.04477
	-1.10529	-1.1045	-1.10448	-1.10449	-1.10447
	-1.16504	-1.16421	-1.16419	-1.16419	-1.16417
	-1.22479	-1.22391	-1.22389	-1.22389	-1.22388
	-1.28454	-1.28361	-1.28359	-1.28359	-1.28358
	-1.34429	-1.34332	-1.34329	-1.3433	-1.34328
	-1.40404	-1.40302	-1.403	-1.403	-1.40298
	-1.46378	-1.46272	-1.4627	-1.4627	-1.46268
	-1.52353	-1.52243	-1.5224	-1.5224	-1.52238
	-1.58328	-1.58213	-1.5821	-1.58211	-1.58209
	-1.64303	-1.64183	-1.64181	-1.64181	-1.64179
	-1.70278	-1.70154	-1.70151	-1.70151	-1.70149
	-1.76253	-1.76124	-1.76121	-1.76121	-1.76119
	-1.82227	-1.82094	-1.82091	-1.82091	-1.82089
	-1.88202	-1.88065	-1.88062	-1.88062	-1.88059
	-1.94177	-1.94035	-1.94032	-1.94032	-1.9403
	-2.00151	-2.00005	-2.00002	-2.00002	-2
	-2.06126	-2.05976	-2.05972	-2.05972	-2.0597
	-2.12101	-2.11946	-2.11943	-2.11943	-2.1194
	-2.18076	-2.17917	-2.17913	-2.17913	-2.1791
	-2.2405	-2.23887	-2.23883	-2.23883	-2.23881
	-2.30025	-2.29857	-2.29853	-2.29853	-2.29851
	-2.36	-2.35828	-2.35824	-2.35824	-2.35821
	-2.41974	-2.41798	-2.41794	-2.41794	-2.41791
	-2.47949	-2.47768	-2.47764	-2.47764	-2.47761
	-2.53924	-2.53739	-2.53734	-2.53734	-2.53732
	-2.59898	-2.59709	-2.59705	-2.59705	-2.59702
	-2.65873	-2.6568	-2.65675	-2.65675	-2.65672
	-2.71848	-2.7165	-2.71645	-2.71645	-2.71642
	-2.77823	-2.7762	-2.77615	-2.77615	-2.77612
	-2.83797	-2.83591	-2.83586	-2.83586	-2.83583
	-2.89772	-2.89561	-2.89556	-2.89556	-2.89553
	-2.95747	-2.95531	-2.95526	-2.95526	-2.95523
	-3.01722	-3.01502	-3.01496	-3.01496	-3.01493
	-3.07696	-3.07472	-3.07467	-3.07467	-3.07463
	-3.13671	-3.13442	-3.13437	-3.13437	-3.13433
	-3.19646	-3.19413	-3.19407	-3.19407	-3.19404
	-3.25621	-3.25383	-3.25377	-3.25377	-3.25374
	-3.31595	-3.31353	-3.31347	-3.31348	-3.31344
	-3.3757	-3.37324	-3.37318	-3.37318	-3.37314
	-3.43545	-3.43294	-3.43288	-3.43288	-3.43284
	-3.49519	-3.49265	-3.49258	-3.49258	-3.49255
	-3.55494	-3.55235	-3.55228	-3.55228	-3.55225
	-3.61469	-3.61205	-3.61199	-3.61199	-3.61195
	-3.67443	-3.67176	-3.67169	-3.67169	-3.67165
	-3.73418	-3.73146	-3.73139	-3.73139	-3.73135
	-3.79392	-3.79116	-3.79109	-3.79109	-3.79106
	-3.85367	-3.85087	-3.85079	-3.8508	-3.85076
	-3.91342	-3.91057	-3.9105	-3.9105	-3.91046
	-3.97316	-3.97027	-3.9702	-3.9702	-3.97016
	-4.03291	-4.02998	-4.0299	-4.0299	-4.02986
	-4.09266	-4.08968	-4.0896	-4.08961	-4.08957
	-4.1524	-4.14938	-4.1493	-4.14931	-4.14927
	-4.21215	-4.20909	-4.20901	-4.20901	-4.20897
	-4.2719	-4.26879	-4.26871	-4.26871	-4.26867
	-4.33165	-4.3285	-4.32841	-4.32842	-4.32838
	-4.3914	-4.3882	-4.38812	-4.38812	-4.38808
	-4.45114	-4.44791	-4.44782	-4.44782	-4.44778
	-4.51089	-4.50761	-4.50753	-4.50753	-4.50749
	-4.57065	-4.56732	-4.56723	-4.56723	-4.56719
	-4.6304	-4.62703	-4.62694	-4.62694	-4.6269
	-4.69015	-4.68674	-4.68665	-4.68665	-4.68661
	-4.74991	-4.74645	-4.74636	-4.74637	-4.74632
	-4.80968	-4.80617	-4.80608	-4.80608	-4.80604
	-4.86945	-4.8659	-4.8658	-4.86581	-4.86577
	-4.92922	-4.92563	-4.92554	-4.92554	-4.9255
	-4.98901	-4.98537	-4.98527	-4.98528	-4.98523
	-5.0488	-5.04512	-5.04502	-5.04502	-5.04498
	-5.10859	-5.10487	-5.10477	-5.10477	-5.10473
	-5.16837	-5.1646	-5.1645	-5.1645	-5.16446
	-5.2281	-5.22428	-5.22418	-5.22418	-5.22414
	-5.28771	-5.28385	-5.28374	-5.28375	-5.2837
	-5.34706	-5.34315	-5.34304	-5.34305	-5.343
	-5.40588	-5.40192	-5.40182	-5.40182	-5.40178
	-5.46371	-5.4597	-5.45959	-5.4596	-5.45955
	-5.51975	-5.51568	-5.51557	-5.51558	-5.51553
	-5.57268	-5.56856	-5.56844	-5.56845	-5.5684
	-5.62045	-5.61627	-5.61615	-5.61615	-5.61611
	-5.65998	-5.65572	-5.65561	-5.65561	-5.65556
	-5.68734	-5.68302	-5.6829	-5.6829	-5.68286
	-5.6973	-5.69293	-5.69281	-5.69281	-5.69277
	-5.6698	-5.66541	-5.66529	-5.66529	-5.66524
	-5.57032	-5.56594	-5.56582	-5.56582	-5.56578
	-0.0298571	-0.0298486	-0.0298498	-0.0298504	-0.0298504
	-0.0895973	-0.0895497	-0.089551	-0.089552	-0.0895515
	-0.149346	-0.149253	-0.149253	-0.149254	-0.149253
	-0.209092	-0.208956	-0.208955	-0.208956	-0.208954
	-0.268838	-0.268658	-0.268657	-0.268658	-0.268655
	-0.328584	-0.328361	-0.328359	-0.32836	-0.328356
	-0.388329	-0.388063	-0.388061	-0.388062	-0.388058
	-0.448075	-0.447766	-0.447763	-0.447764	-0.447759
	-0.507821	-0.507469	-0.507464	-0.507466	-0.50746
	-0.567567	-0.567172	-0.567166	-0.567168	-0.567161
	-0.627314	-0.626875	-0.626868	-0.62687	-0.626862
	-0.68706	-0.686578	-0.68657	-0.686572	-0.686564
	-0.746808	-0.746282	-0.746272	-0.746274	-0.746265
	-0.806555	-0.805985	-0.805974	-0.805976	-0.805966
	-0.866303	-0.865689	-0.865676	-0.865678	-0.865668
	-0.926051	-0.925392	-0.925379	-0.92538	-0.925369
	-0.9858	-0.985096	-0.985081	-0.985083	-0.98507
	-1.04555	-1.0448	-1.04478	-1.04478	-1.04477
	-1.1053	-1.1045	-1.10448	-1.10449	-1.10447
	-1.16504	-1.16421	-1.16419	-1.16419	-1.16417
	-1.22479	-1.22391	-1.22389	-1.22389	-1.22388
	-1.28454	-1.28361	-1.28359	-1.28359	-1.28358
	-1.34429	-1.34332	-1.34329	-1.3433	-1.34328
	-1.40404	-1.40302	-1.403	-1.403	-1.40298
	-1.46378	-1.46272	-1.4627	-1.4627	-1.46268
	-1.52353	-1.52243	-1.5224	-1.5224	-1.52238
	-1.58328	-1.58213	-1.5821	-1.58211	-1.58209
	-1.64303	-1.64183	-1.64181	-1.64181	-1.64179
	-1.70278	-1.70154	-1.70151	-1.70151	-1.70149
	-1.76252	-1.76124	-1.76121	-1.76121	-1.76119
	-1.82227	-1.82094	-1.82091	-1.82091	-1.82089
	-1.88202	-1.88065	-1.88062	-1.88062	-1.88059
	-1.94177	-1.94035	-1.94032	-1.94032	-1.9403
	-2.00151	-2.00005	-2.00002	-2.00002	-2
	-2.06126	-2.05976	-2.05972	-2.05972	-2.0597
	-2.12101	-2.11946	-2.11943	-2.11943	-2.1194
	-2.18076	-2.17917	-2.17913	-2.17913	-2.1791
	-2.2405	-2.23887	-2.23883	-2.23883	-2.23881
	-2.30025	-2.29857	-2.29853	-2.29853	-2.29851
	-2.36	-2.35828	-2.35824	-2.35824	-2.35821
	-2.41974	-2.41798	-2.41794	-2.41794	-2.41791
	-2.47949	-2.47768	-2.47764	-2.47764	-2.47761
	-2.53924	-2.53739	-2.53734	-2.53734	-2.53731
	-2.59898	-2.59709	-2.59705	-2.59705	-2.59702
	-2.65873	-2.65679	-2.65675	-2.65675	-2.65672
	-2.71848	-2.7165	-2.71645	-2.71645	-2.71642
	-2.77822	-2.7762	-2.77615	-2.77615	-2.77612
	-2.83797	-2.83591	-2.83586	-2.83586	-2.83582
	-2.89772	-2.89561	-2.89556	-2.89556	-2.89553
	-2.95747	-2.95531	-2.95526	-2.95526	-2.95523
	-3.01721	-3.01502	-3.01496	-3.01496	-3.01493
	-3.07696	-3.07472	-3.07466	-3.07467	-3.07463
	-3.13671	-3.13442	-3.13437	-3.13437	-3.13433
	-3.19646	-3.19413	-3.19407	-3.19407	-3.19404
	-3.2562	-3.25383	-3.25377	-3.25377	-3.25374
	-3.31595	-3.31353	-3.31347	-3.31348	-3.31344
	-3.3757	-3.37324	-3.37318	-3.37318	-3.37314
	-3.43544	-3.43294	-3.43288	-3.43288	-3.43284
	-3.49519	-3.49264	-3.49258	-3.49258	-3.49255
	-3.55494	-3.55235	-3.55228	-3.55228	-3.55225
	-3.61468	-3.61205	-3.61198	-3.61199	-3.61195
	-3.67443	-3.67176	-3.67169	-3.67169	-3.67165
	-3.73418	-3.73146	-3.73139	-3.73139	-3.73135
	-3.79392	-3.79116	-3.79109	-3.79109	-3.79106
	-3.85367	-3.85086	-3.85079	-3.85079	-3.85076
	-3.91342	-3.91057	-3.91049	-3.9105	-3.91046
	-3.97316	-3.97027	-3.9702	-3.9702	-3.97016
	-4.03291	-4.02997	-4.0299	-4.0299	-4.02986
	-4.09265	-4.08967	-4.0896	-4.0896	-4.08956
	-4.1524	-4.14938	-4.1493	-4.1493	-4.14926
	-4.21214	-4.20908	-4.209	-4.209	-4.20896
	-4.27188	-4.26877	-4.26869	-4.2687	-4.26866
	-4.33162	-4.32847	-4.32839	-4.32839	-4.32835
	-4.39136	-4.38816	-4.38808	-4.38808	-4.38804
	-4.45109	-4.44785	-4.44777	-4.44777	-4.44773
	-4.51082	-4.50753	-4.50745	-4.50745	-4.50741
	-4.57053	-4.56721	-4.56712	-4.56712	-4.56708
	-4.63024	-4.62687	-4.62678	-4.62678	-4.62674
	-4.68992	-4.68651	-4.68642	-4.68642	-4.68638
	-4.74958	-4.74612	-4.74603	-4.74603	-4.74599
	-4.80919	-4.80568	-4.80559	-4.8056	-4.80555
	-4.86874	-4.86519	-4.8651	-4.8651	-4.86506
	-4.9282	-4.92461	-4.92451	-4.92452	-4.92447
	-4.98753	-4.98389	-4.9838	-4.9838	-4.98376
	-5.04666	-5.04298	-5.04288	-5.04289	-5.04284
	-5.1055	-5.10178	-5.10168	-5.10168	-5.10164
	-5.16392	-5.16015	-5.16005	-5.16005	-5.16001
	-5.22169	-5.21787	-5.21777	-5.21777	-5.21773
	-5.2785	-5.27464	-5.27454	-5.27454	-5.2745
	-5.33388	-5.32997	-5.32987	-5.32987	-5.32983
	-5.38713	-5.38317	-5.38306	-5.38306	-5.38302
	-5.4372	-5.43319	-5.43308	-5.43308	-5.43303
	-5.48261	-5.47854	-5.47842	-5.47843	-5.47838
	-5.52129	-5.51715	-5.51704	-5.51704	-5.51699
	-5.55045	-5.54624	-5.54612	-5.54612	-5.54608
	-5.56651	-5.56221	-5.56209	-5.56209	-5.56205
	-5.56563	-5.56125	-5.56113	-5.56113	-5.56108
	-5.54372	-5.53927	-5.53914	-5.53914	-5.53909
	-5.48377	-5.47925	-5.47912	-5.47912	-5.47907
	-5.35884	-5.35426	-5.35413	-5.35413	-5.35408
	-0.0298606	-0.0298492	-0.0298501	-0.0298505	-0.0298505
	-0.0896017	-0.0895504	-0.0895514	-0.0895522	-0.0895516
	-0.14935	-0.149254	-0.149254	-0.149254	-0.149253
	-0.209097	-0.208957	-0.208956	-0.208956	-0.208954
	-0.268843	-0.268659	-0.268658	-0.268658	-0.268655
	-0.328589	-0.328362	-0.32836	-0.32836	-0.328357
	-0.388335	-0.388065	-0.388061	-0.388062	-0.388058
	-0.448081	-0.447767	-0.447763	-0.447764	-0.447759
	-0.507827	-0.50747	-0.507465	-0.507466	-0.50746
	-0.567573	-0.567173	-0.567166	-0.567168	-0.567161
	-0.627319	-0.626877	-0.626868	-0.62687	-0.626862
	-0.687065	-0.68658	-0.68657	-0.686572	-0.686564
	-0.746812	-0.746283	-0.746272	-0.746274	-0.746265
	-0.80656	-0.805986	-0.805974	-0.805976	-0.805966
	-0.866307	-0.86569	-0.865677	-0.865679	-0.865668
	-0.926055	-0.925393	-0.925379	-0.925381	-0.925369
	-0.985803	-0.985096	-0.985081	-0.985083	-0.98507
	-1.04555	-1.0448	-1.04478	-1.04479	-1.04477
	-1.1053	-1.1045	-1.10449	-1.10449	-1.10447
	-1.16505	-1.16421	-1.16419	-1.16419	-1.16417
	-1.22479	-1.22391	-1.22389	-1.22389	-1.22388
	-1.28454	-1.28361	-1.28359	-1.28359	-1.28358
	-1.34429	-1.34332	-1.34329	-1.3433	-1.34328
	-1.40404	-1.40302	-1.403	-1.403	-1.40298
	-1.46378	-1.46272	-1.4627	-1.4627	-1.46268
	-1.52353	-1.52243	-1.5224	-1.5224	-1.52238
	-1.58328	-1.58213	-1.5821	-1.58211	-1.58209
	-1.64303	-1.64183	-1.64181	-1.64181	-1.64179
	-1.70278	-1.70154	-1.70151	-1.70151	-1.70149
	-1.76252	-1.76124	-1.76121	-1.76121	-1.76119
	-1.82227	-1.82094	-1.82091	-1.82092	-1.82089
	-1.88202	-1.88065	-1.88062	-1.88062	-1.88059
	-1.94176	-1.94035	-1.94032	-1.94032	-1.9403
	-2.00151	-2.00005	-2.00002	-2.00002	-2
	-2.06126	-2.05976	-2.05972	-2.05972	-2.0597
	-2.12101	-2.11946	-2.11943	-2.11943	-2.1194
	-2.18075	-2.17917	-2.17913	-2.17913	-2.1791
	-2.2405	-2.23887	-2.23883	-2.23883	-2.23881
	-2.30025	-2.29857	-2.29853	-2.29853	-2.29851
	-2.35999	-2.35828	-2.35824	-2.35824	-2.35821
	-2.41974	-2.41798	-2.41794	-2.41794	-2.41791
	-2.47949	-2.47768	-2.47764	-2.47764	-2.47761
	-2.53923	-2.53739	-2.53734	-2.53734	-2.53731
	-2.59898	-2.59709	-2.59705	-2.59705	-2.59702
	-2.65873	-2.65679	-2.65675	-2.65675	-2.65672
	-2.71848	-2.7165	-2.71645	-2.71645	-2.71642
	-2.77822	-2.7762	-2.77615	-2.77615	-2.77612
	-2.83797	-2.83591	-2.83586	-2.83586	-2.83582
	-2.89772	-2.89561	-2.89556	-2.89556	-2.89553
	-2.95747	-2.95531	-2.95526	-2.95526	-2.95523
	-3.01721	-3.01502	-3.01496	-3.01496	-3.01493
	-3.07696	-3.07472	-3.07466	-3.07467	-3.07463
	-3.13671	-3.13442	-3.13437	-3.13437	-3.13433
	-3.19645	-3.19413	-3.19407	-3.19407	-3.19404
	-3.2562	-3.25383	-3.25377	-3.25377	-3.25374
	-3.31595	-3.31353	-3.31347	-3.31347	-3.31344
	-3.3757	-3.37324	-3.37318	-3.37318	-3.37314
	-3.43544	-3.43294	-3.43288	-3.43288	-3.43284
	-3.49519	-3.49264	-3.49258	-3.49258	-3.49255
	-3.55494	-3.55235	-3.55228	-3.55228	-3.55225
	-3.61468	-3.61205	-3.61198	-3.61199	-3.61195
	-3.67443	-3.67175	-3.67169	-3.67169	-3.67165
	-3.73418	-3.73146	-3.73139	-3.73139	-3.73135
	-3.79392	-3.79116	-3.79109	-3.79109	-3.79105
	-3.85367	-3.85086	-3.85079	-3.85079	-3.85076
	-3.91341	-3.91057	-3.91049	-3.91049	-3.91046
	-3.97316	-3.97027	-3.97019	-3.97019	-3.97016
	-4.0329	-4.02997	-4.02989	-4.02989	-4.02986
	-4.09265	-4.08967	-4.08959	-4.08959	-4.08955
	-4.15239	-4.14937	-4.14929	-4.14929	-4.14925
	-4.21213	-4.20906	-4.20898	-4.20899	-4.20895
	-4.27186	-4.26876	-4.26867	-4.26868	-4.26864
	-4.3316	-4.32844	-4.32836	-4.32836	-4.32832
	-4.39132	-4.38813	-4.38804	-4.38805	-4.388
	-4.45104	-4.4478	-4.44771	-4.44772	-4.44768
	-4.51074	-4.50746	-4.50737	-4.50737	-4.50733
	-4.57042	-4.56709	-4.56701	-4.56701	-4.56697
	-4.63007	-4.6267	-4.62661	-4.62662	-4.62658
	-4.68968	-4.68627	-4.68618	-4.68618	-4.68614
	-4.74923	-4.74577	-4.74568	-4.74568	-4.74564
	-4.80869	-4.80519	-4.80509	-4.8051	-4.80506
	-4.86802	-4.86447	-4.86438	-4.86438	-4.86434
	-4.92716	-4.92357	-4.92347	-4.92348	-4.92343
	-4.98603	-4.98239	-4.9823	-4.9823	-4.98226
	-5.04451	-5.04083	-5.04073	-5.04073	-5.04069
	-5.10241	-5.09869	-5.09859	-5.09859	-5.09855
	-5.15949	-5.15572	-5.15562	-5.15562	-5.15558
	-5.21538	-5.21156	-5.21146	-5.21146	-5.21142
	-5.26955	-5.26568	-5.26558	-5.26558	-5.26554
	-5.32126	-5.31734	-5.31724	-5.31724	-5.3172
	-5.36947	-5.3655	-5.36539	-5.3654	-5.36535
	-5.41275	-5.40872	-5.40861	-5.40861	-5.40857
	-5.44919	-5.4451	-5.44498	-5.44499	-5.44494
	-5.47633	-5.47216	-5.47204	-5.47205	-5.472
	-5.49114	-5.48688	-5.48676	-5.48676	-5.48672
	-5.49007	-5.48571	-5.48559	-5.48559	-5.48555
	-5.46984	-5.46539	-5.46526	-5.46526	-5.46521
	-5.42761	-5.42305	-5.42292	-5.42292	-5.42287
	-5.34852	-5.34386	-5.34372	-5.34372	-5.34368
	-5.20931	-5.20453	-5.20439	-5.20439	-5.20434
	-0.0298647	-0.0298499	-0.0298505	-0.0298507	-0.0298505
	-0.089607	-0.0895513	-0.0895519	-0.0895524	-0.0895517
	-0.149355	-0.149255	-0.149254	-0.149254	-0.149253
	-0.209102	-0.208958	-0.208956	-0.208956	-0.208954
	-0.268849	-0.26866	-0.268658	-0.268658	-0.268655
	-0.328595	-0.328363	-0.32836	-0.32836	-0.328357
	-0.388341	-0.388066	-0.388062	-0.388062	-0.388058
	-0.448087	-0.447769	-0.447764	-0.447764	-0.447759
	-0.507833	-0.507472	-0.507465	-0.507466	-0.50746
	-0.567579	-0.567175	-0.567167	-0.567168	-0.567161
	-0.627324	-0.626878	-0.626869	-0.62687	-0.626862
	-0.687071	-0.686581	-0.686571	-0.686572	-0.686564
	-0.746817	-0.746284	-0.746273	-0.746274	-0.746265
	-0.806564	-0.805987	-0.805975	-0.805977	-0.805966
	-0.866312	-0.865691	-0.865677	-0.865679	-0.865668
	-0.926059	-0.925394	-0.925379	-0.925381	-0.925369
	-0.985806	-0.985097	-0.985081	-0.985083	-0.985071
	-1.04555	-1.0448	-1.04478	-1.04479	-1.04477
	-1.1053	-1.1045	-1.10449	-1.10449	-1.10447
	-1.16505	-1.16421	-1.16419	-1.16419	-1.16417
	-1.2248	-1.22391	-1.22389	-1.22389	-1.22388
	-1.28454	-1.28361	-1.28359	-1.28359	-1.28358
	-1.34429	-1.34332	-1.34329	-1.3433	-1.34328
	-1.40404	-1.40302	-1.403	-1.403	-1.40298
	-1.46378	-1.46272	-1.4627	-1.4627	-1.46268
	-1.52353	-1.52243	-1.5224	-1.5224	-1.52238
	-1.58328	-1.58213	-1.5821	-1.58211	-1.58209
	-1.64303	-1.64183	-1.64181	-1.64181	-1.64179
	-1.70277	-1.70154	-1.70151	-1.70151	-1.70149
	-1.76252	-1.76124	-1.76121	-1.76121	-1.76119
	-1.82227	-1.82094	-1.82091	-1.82092	-1.82089
	-1.88202	-1.88065	-1.88062	-1.88062	-1.88059
	-1.94176	-1.94035	-1.94032	-1.94032	-1.9403
	-2.00151	-2.00005	-2.00002	-2.00002	-2
	-2.06126	-2.05976	-2.05972	-2.05972	-2.0597
	-2.12101	-2.11946	-2.11943	-2.11943	-2.1194
	-2.18075	-2.17917	-2.17913	-2.17913	-2.1791
	-2.2405	-2.23887	-2.23883	-2.23883	-2.23881
	-2.30025	-2.29857	-2.29853	-2.29853	-2.29851
	-2.35999	-2.35828	-2.35824	-2.35824	-2.35821
	-2.41974	-2.41798	-2.41794	-2.41794	-2.41791
	-2.47949	-2.47768	-2.47764	-2.47764	-2.47761
	-2.53923	-2.53739	-2.53734	-2.53734	-2.53731
	-2.59898	-2.59709	-2.59705	-2.59705	-2.59702
	-2.65873	-2.65679	-2.65675	-2.65675	-2.65672
	-2.71847	-2.7165	-2.71645	-2.71645	-2.71642
	-2.77822	-2.7762	-2.77615	-2.77615	-2.77612
	-2.83797	-2.83591	-2.83586	-2.83586	-2.83582
	-2.89772	-2.89561	-2.89556	-2.89556	-2.89553
	-2.95746	-2.95531	-2.95526	-2.95526	-2.95523
	-3.01721	-3.01502	-3.01496	-3.01496	-3.01493
	-3.07696	-3.07472	-3.07466	-3.07467	-3.07463
	-3.13671	-3.13442	-3.13437	-3.13437	-3.13433
	-3.19645	-3.19413	-3.19407	-3.19407	-3.19404
	-3.2562	-3.25383	-3.25377	-3.25377	-3.25374
	-3.31595	-3.31353	-3.31347	-3.31347	-3.31344
	-3.37569	-3.37324	-3.37318	-3.37318	-3.37314
	-3.43544	-3.43294	-3.43288	-3.43288	-3.43284
	-3.49519	-3.49264	-3.49258	-3.49258	-3.49255
	-3.55494	-3.55235	-3.55228	-3.55228	-3.55225
	-3.61468	-3.61205	-3.61198	-3.61199	-3.61195
	-3.67443	-3.67175	-3.67169	-3.67169	-3.67165
	-3.73417	-3.73146	-3.73139	-3.73139	-3.73135
	-3.79392	-3.79116	-3.79109	-3.79109	-3.79105
	-3.85367	-3.85086	-3.85079	-3.85079	-3.85075
	-3.91341	-3.91056	-3.91049	-3.91049	-3.91045
	-3.97316	-3.97026	-3.97019	-3.97019	-3.97015
	-4.0329	-4.02996	-4.02989	-4.02989	-4.02985
	-4.09264	-4.08966	-4.08959	-4.08959	-4.08955
	-4.15238	-4.14936	-4.14928	-4.14928	-4.14924
	-4.21212	-4.20905	-4.20897	-4.20898	-4.20894
	-4.27185	-4.26874	-4.26866	-4.26866	-4.26862
	-4.33157	-4.32842	-4.32834	-4.32834	-4.3283
	-4.39129	-4.38809	-4.38801	-4.38801	-4.38797
	-4.45099	-4.44775	-4.44767	-4.44767	-4.44763
	-4.51068	-4.50739	-4.5073	-4.50731	-4.50727
	-4.57033	-4.567	-4.56691	-4.56692	-4.56687
	-4.62994	-4.62657	-4.62648	-4.62648	-4.62644
	-4.68949	-4.68607	-4.68598	-4.68599	-4.68594
	-4.74895	-4.74549	-4.7454	-4.7454	-4.74536
	-4.80828	-4.80478	-4.80469	-4.80469	-4.80465
	-4.86743	-4.86389	-4.86379	-4.8638	-4.86375
	-4.92632	-4.92273	-4.92263	-4.92263	-4.92259
	-4.98482	-4.98118	-4.98109	-4.98109	-4.98105
	-5.04277	-5.03909	-5.03899	-5.03899	-5.03895
	-5.09993	-5.0962	-5.0961	-5.09611	-5.09606
	-5.15596	-5.15219	-5.15209	-5.15209	-5.15205
	-5.21038	-5.20655	-5.20645	-5.20646	-5.20641
	-5.26251	-5.25864	-5.25853	-5.25854	-5.25849
	-5.31143	-5.3075	-5.3074	-5.3074	-5.30736
	-5.35588	-5.35189	-5.35179	-5.35179	-5.35175
	-5.39419	-5.39014	-5.39003	-5.39003	-5.38999
	-5.42422	-5.4201	-5.41999	-5.41999	-5.41994
	-5.44334	-5.43914	-5.43902	-5.43902	-5.43898
	-5.4485	-5.4442	-5.44408	-5.44408	-5.44404
	-5.43635	-5.43195	-5.43182	-5.43182	-5.43178
	-5.40414	-5.39961	-5.39949	-5.39949	-5.39944
	-5.34989	-5.34525	-5.34512	-5.34512	-5.34507
	-5.25998	-5.25521	-5.25507	-5.25507	-5.25502
	-5.11264	-5.10769	-5.10755	-5.10754	-5.1075
	-0.0298694	-0.0298507	-0.0298508	-0.0298509	-0.0298506
	-0.0896133	-0.0895523	-0.0895524	-0.0895527	-0.0895519
	-0.14936	-0.149255	-0.149254	-0.149255	-0.149253
	-0.209108	-0.208959	-0.208957	-0.208957	-0.208954
	-0.268855	-0.268661	-0.268659	-0.268659	-0.268656
	-0.328602	-0.328364	-0.328361	-0.328361	-0.328357
	-0.388348	-0.388067	-0.388063	-0.388063	-0.388058
	-0.448093	-0.44777	-0.447764	-0.447765	-0.447759
	-0.507839	-0.507473	-0.507466	-0.507467	-0.50746
	-0.567585	-0.567176	-0.567168	-0.567169	-0.567161
	-0.62733	-0.626879	-0.626869	-0.626871	-0.626863
	-0.687076	-0.686582	-0.686571	-0.686573	-0.686564
	-0.746823	-0.746286	-0.746273	-0.746275	-0.746265
	-0.806569	-0.805989	-0.805975	-0.805977	-0.805966
	-0.866316	-0.865692	-0.865678	-0.865679	-0.865668
	-0.926063	-0.925395	-0.92538	-0.925381	-0.925369
	-0.98581	-0.985098	-0.985082	-0.985083	-0.985071
	-1.04556	-1.0448	-1.04478	-1.04479	-1.04477
	-1.1053	-1.1045	-1.10449	-1.10449	-1.10447
	-1.16505	-1.16421	-1.16419	-1.16419	-1.16418
	-1.2248	-1.22391	-1.22389	-1.22389	-1.22388
	-1.28454	-1.28361	-1.28359	-1.28359	-1.28358
	-1.34429	-1.34332	-1.3433	-1.3433	-1.34328
	-1.40404	-1.40302	-1.403	-1.403	-1.40298
	-1.46378	-1.46272	-1.4627	-1.4627	-1.46268
	-1.52353	-1.52243	-1.5224	-1.5224	-1.52238
	-1.58328	-1.58213	-1.5821	-1.58211	-1.58209
	-1.64303	-1.64183	-1.64181	-1.64181	-1.64179
	-1.70277	-1.70154	-1.70151	-1.70151	-1.70149
	-1.76252	-1.76124	-1.76121	-1.76121	-1.76119
	-1.82227	-1.82094	-1.82091	-1.82092	-1.82089
	-1.88201	-1.88065	-1.88062	-1.88062	-1.88059
	-1.94176	-1.94035	-1.94032	-1.94032	-1.9403
	-2.00151	-2.00006	-2.00002	-2.00002	-2
	-2.06126	-2.05976	-2.05972	-2.05972	-2.0597
	-2.121	-2.11946	-2.11943	-2.11943	-2.1194
	-2.18075	-2.17917	-2.17913	-2.17913	-2.1791
	-2.2405	-2.23887	-2.23883	-2.23883	-2.23881
	-2.30025	-2.29857	-2.29853	-2.29853	-2.29851
	-2.35999	-2.35828	-2.35824	-2.35824	-2.35821
	-2.41974	-2.41798	-2.41794	-2.41794	-2.41791
	-2.47948	-2.47768	-2.47764	-2.47764	-2.47761
	-2.53923	-2.53739	-2.53734	-2.53734	-2.53732
	-2.59898	-2.59709	-2.59705	-2.59705	-2.59702
	-2.65873	-2.65679	-2.65675	-2.65675	-2.65672
	-2.71847	-2.7165	-2.71645	-2.71645	-2.71642
	-2.77822	-2.7762	-2.77615	-2.77615	-2.77612
	-2.83797	-2.8359	-2.83586	-2.83586	-2.83582
	-2.89771	-2.89561	-2.89556	-2.89556	-2.89553
	-2.95746	-2.95531	-2.95526	-2.95526	-2.95523
	-3.01721	-3.01502	-3.01496	-3.01496	-3.01493
	-3.07696	-3.07472	-3.07466	-3.07467	-3.07463
	-3.1367	-3.13442	-3.13437	-3.13437	-3.13433
	-3.19645	-3.19413	-3.19407	-3.19407	-3.19404
	-3.2562	-3.25383	-3.25377	-3.25377	-3.25374
	-3.31595	-3.31353	-3.31347	-3.31347	-3.31344
	-3.37569	-3.37324	-3.37318	-3.37318	-3.37314
	-3.43544	-3.43294	-3.43288	-3.43288	-3.43284
	-3.49519	-3.49264	-3.49258	-3.49258	-3.49255
	-3.55493	-3.55235	-3.55228	-3.55228	-3.55225
	-3.61468	-3.61205	-3.61198	-3.61199	-3.61195
	-3.67443	-3.67175	-3.67169	-3.67169	-3.67165
	-3.73417	-3.73146	-3.73139	-3.73139	-3.73135
	-3.79392	-3.79116	-3.79109	-3.79109	-3.79105
	-3.85366	-3.85086	-3.85079	-3.85079	-3.85075
	-3.91341	-3.91056	-3.91049	-3.91049	-3.91045
	-3.97315	-3.97026	-3.97019	-3.97019	-3.97015
	-4.0329	-4.02996	-4.02989	-4.02989	-4.02985
	-4.09264	-4.08966	-4.08958	-4.08959	-4.08955
	-4.15238	-4.14936	-4.14928	-4.14928	-4.14924
	-4.21211	-4.20905	-4.20897	-4.20897	-4.20893
	-4.27184	-4.26873	-4.26865	-4.26865	-4.26861
	-4.33156	-4.32841	-4.32833	-4.32833	-4.32829
	-4.39127	-4.38808	-4.38799	-4.388	-4.38796
	-4.45097	-4.44773	-4.44764	-4.44765	-4.44761
	-4.51064	-4.50735	-4.50727	-4.50727	-4.50723
	-4.57028	-4.56695	-4.56686	-4.56686	-4.56682
	-4.62986	-4.62649	-4.6264	-4.62641	-4.62636
	-4.68938	-4.68596	-4.68587	-4.68588	-4.68584
	-4.74879	-4.74533	-4.74524	-4.74524	-4.7452
	-4.80806	-4.80455	-4.80446	-4.80446	-4.80442
	-4.86711	-4.86356	-4.86346	-4.86347	-4.86343
	-4.92585	-4.92225	-4.92216	-4.92216	-4.92212
	-4.98414	-4.98051	-4.98041	-4.98041	-4.98037
	-5.0418	-5.03812	-5.03802	-5.03803	-5.03798
	-5.09855	-5.09482	-5.09473	-5.09473	-5.09469
	-5.154	-5.15023	-5.15013	-5.15013	-5.15009
	-5.20762	-5.20379	-5.20369	-5.2037	-5.20365
	-5.25864	-5.25477	-5.25467	-5.25467	-5.25463
	-5.30606	-5.30213	-5.30203	-5.30203	-5.30199
	-5.34851	-5.34452	-5.34442	-5.34442	-5.34437
	-5.38421	-5.38015	-5.38004	-5.38004	-5.38
	-5.41091	-5.40678	-5.40667	-5.40667	-5.40662
	-5.42594	-5.42173	-5.42161	-5.42161	-5.42157
	-5.42627	-5.42195	-5.42184	-5.42184	-5.42179
	-5.40871	-5.40428	-5.40415	-5.40415	-5.40411
	-5.37077	-5.36621	-5.36609	-5.36608	-5.36604
	-5.31095	-5.30626	-5.30613	-5.30613	-5.30608
	-5.21611	-5.21127	-5.21114	-5.21113	-5.21109
	-5.06499	-5.05995	-5.0598	-5.0598	-5.05975
	-0.0298745	-0.0298515	-0.0298511	-0.029851	-0.0298507
	-0.0896205	-0.0895536	-0.0895529	-0.0895529	-0.089552
	-0.149366	-0.149256	-0.149255	-0.149255	-0.149253
	-0.209114	-0.208959	-0.208957	-0.208957	-0.208954
	-0.268861	-0.268662	-0.268659	-0.268659	-0.268656
	-0.328608	-0.328365	-0.328361	-0.328361	-0.328357
	-0.388354	-0.388068	-0.388063	-0.388063	-0.388058
	-0.4481	-0.447771	-0.447765	-0.447765	-0.447759
	-0.507845	-0.507474	-0.507466	-0.507467	-0.50746
	-0.567591	-0.567177	-0.567168	-0.567169	-0.567162
	-0.627336	-0.62688	-0.62687	-0.626871	-0.626863
	-0.687082	-0.686584	-0.686572	-0.686573	-0.686564
	-0.746828	-0.746287	-0.746274	-0.746275	-0.746265
	-0.806575	-0.80599	-0.805976	-0.805977	-0.805966
	-0.866321	-0.865693	-0.865678	-0.865679	-0.865668
	-0.926068	-0.925396	-0.92538	-0.925381	-0.925369
	-0.985814	-0.985099	-0.985082	-0.985084	-0.985071
	-1.04556	-1.0448	-1.04478	-1.04479	-1.04477
	-1.10531	-1.1045	-1.10449	-1.10449	-1.10447
	-1.16505	-1.16421	-1.16419	-1.16419	-1.16418
	-1.2248	-1.22391	-1.22389	-1.22389	-1.22388
	-1.28455	-1.28361	-1.28359	-1.28359	-1.28358
	-1.34429	-1.34332	-1.3433	-1.3433	-1.34328
	-1.40404	-1.40302	-1.403	-1.403	-1.40298
	-1.46379	-1.46272	-1.4627	-1.4627	-1.46268
	-1.52353	-1.52243	-1.5224	-1.5224	-1.52238
	-1.58328	-1.58213	-1.5821	-1.58211	-1.58209
	-1.64303	-1.64183	-1.64181	-1.64181	-1.64179
	-1.70277	-1.70154	-1.70151	-1.70151	-1.70149
	-1.76252	-1.76124	-1.76121	-1.76121	-1.76119
	-1.82227	-1.82095	-1.82091	-1.82092	-1.82089
	-1.88201	-1.88065	-1.88062	-1.88062	-1.88059
	-1.94176	-1.94035	-1.94032	-1.94032	-1.9403
	-2.00151	-2.00006	-2.00002	-2.00002	-2
	-2.06126	-2.05976	-2.05972	-2.05973	-2.0597
	-2.121	-2.11946	-2.11943	-2.11943	-2.1194
	-2.18075	-2.17917	-2.17913	-2.17913	-2.1791
	-2.2405	-2.23887	-2.23883	-2.23883	-2.23881
	-2.30024	-2.29857	-2.29853	-2.29853	-2.29851
	-2.35999	-2.35828	-2.35824	-2.35824	-2.35821
	-2.41974	-2.41798	-2.41794	-2.41794	-2.41791
	-2.47948	-2.47768	-2.47764	-2.47764	-2.47761
	-2.53923	-2.53739	-2.53734	-2.53734	-2.53732
	-2.59898	-2.59709	-2.59704	-2.59705	-2.59702
	-2.65872	-2.65679	-2.65675	-2.65675	-2.65672
	-2.71847	-2.7165	-2.71645	-2.71645	-2.71642
	-2.77822	-2.7762	-2.77615	-2.77615	-2.77612
	-2.83797	-2.8359	-2.83586	-2.83586	-2.83582
	-2.89771	-2.89561	-2.89556	-2.89556	-2.89553
	-2.95746	-2.95531	-2.95526	-2.95526	-2.95523
	-3.01721	-3.01501	-3.01496	-3.01496	-3.01493
	-3.07696	-3.07472	-3.07466	-3.07467	-3.07463
	-3.1367	-3.13442	-3.13437	-3.13437	-3.13433
	-3.19645	-3.19413	-3.19407	-3.19407	-3.19404
	-3.2562	-3.25383	-3.25377	-3.25377	-3.25374
	-3.31594	-3.31353	-3.31347	-3.31347	-3.31344
	-3.37569	-3.37324	-3.37317	-3.37318	-3.37314
	-3.43544	-3.43294	-3.43288	-3.43288	-3.43284
	-3.49518	-3.49264	-3.49258	-3.49258	-3.49255
	-3.55493	-3.55235	-3.55228	-3.55228	-3.55225
	-3.61468	-3.61205	-3.61198	-3.61199	-3.61195
	-3.67442	-3.67175	-3.67169	-3.67169	-3.67165
	-3.73417	-3.73146	-3.73139	-3.73139	-3.73135
	-3.79392	-3.79116	-3.79109	-3.79109	-3.79105
	-3.85366	-3.85086	-3.85079	-3.85079	-3.85075
	-3.91341	-3.91056	-3.91049	-3.91049	-3.91045
	-3.97315	-3.97026	-3.97019	-3.97019	-3.97015
	-4.0329	-4.02996	-4.02989	-4.02989	-4.02985
	-4.09264	-4.08966	-4.08958	-4.08959	-4.08955
	-4.15238	-4.14935	-4.14928	-4.14928	-4.14924
	-4.21211	-4.20905	-4.20897	-4.20897	-4.20893
	-4.27184	-4.26873	-4.26865	-4.26865	-4.26861
	-4.33156	-4.32841	-4.32833	-4.32833	-4.32829
	-4.39127	-4.38808	-4.38799	-4.388	-4.38796
	-4.45097	-4.44773	-4.44764	-4.44765	-4.44761
	-4.51064	-4.50735	-4.50727	-4.50727	-4.50723
	-4.57028	-4.56695	-4.56686	-4.56686	-4.56682
	-4.62986	-4.62649	-4.6264	-4.62641	-4.62636
	-4.68938	-4.68596	-4.68587	-4.68588	-4.68583
	-4.74879	-4.74533	-4.74524	-4.74524	-4.7452
	-4.80806	-4.80455	-4.80446	-4.80446	-4.80442
	-4.86711	-4.86356	-4.86346	-4.86347	-4.86343
	-4.92585	-4.92225	-4.92216	-4.92216	-4.92212
	-4.98414	-4.98051	-4.98041	-4.98041	-4.98037
	-5.0418	-5.03812	-5.03802	-5.03803	-5.03798
	-5.09855	-5.09482	-5.09473	-5.09473	-5.09469
	-5.154	-5.15023	-5.15013	-5.15013	-5.15009
	-5.20762	-5.20379	-5.20369	-5.2037	-5.20365
	-5.25864	-5.25477	-5.25467	-5.25467	-5.25463
	-5.30606	-5.30213	-5.30203	-5.30203	-5.30199
	-5.34851	-5.34452	-5.34441	-5.34442	-5.34437
	-5.3842	-5.38015	-5.38004	-5.38004	-5.38
	-5.41091	-5.40678	-5.40667	-5.40667	-5.40662
	-5.42594	-5.42173	-5.42161	-5.42161	-5.42157
	-5.42627	-5.42195	-5.42184	-5.42184	-5.42179
	-5.4087	-5.40427	-5.40415	-5.40415	-5.40411
	-5.37077	-5.36621	-5.36609	-5.36608	-5.36604
	-5.31095	-5.30626	-5.30613	-5.30613	-5.30608
	-5.21611	-5.21127	-5.21114	-5.21113	-5.21109
	-5.06498	-5.05995	-5.0598	-5.05979	-5.05975
	-0.0298799	-0.0298524	-0.0298515	-0.0298512	-0.0298508
	-0.0896283	-0.089555	-0.0895535	-0.0895532	-0.0895521
	-0.149373	-0.149258	-0.149255	-0.149255	-0.149253
	-0.20912	-0.208961	-0.208957	-0.208957	-0.208955
	-0.268868	-0.268664	-0.268659	-0.268659	-0.268656
	-0.328615	-0.328367	-0.328361	-0.328361	-0.328357
	-0.388361	-0.38807	-0.388063	-0.388063	-0.388058
	-0.448106	-0.447772	-0.447765	-0.447765	-0.447759
	-0.507852	-0.507475	-0.507467	-0.507467	-0.507461
	-0.567597	-0.567178	-0.567169	-0.567169	-0.567162
	-0.627342	-0.626882	-0.626871	-0.626871	-0.626863
	-0.687088	-0.686585	-0.686572	-0.686573	-0.686564
	-0.746834	-0.746288	-0.746274	-0.746275	-0.746265
	-0.80658	-0.805991	-0.805976	-0.805977	-0.805967
	-0.866326	-0.865694	-0.865678	-0.865679	-0.865668
	-0.926072	-0.925397	-0.92538	-0.925382	-0.925369
	-0.985818	-0.9851	-0.985082	-0.985084	-0.985071
	-1.04556	-1.0448	-1.04478	-1.04479	-1.04477
	-1.10531	-1.10451	-1.10449	-1.10449	-1.10447
	-1.16506	-1.16421	-1.16419	-1.16419	-1.16418
	-1.2248	-1.22391	-1.22389	-1.22389	-1.22388
	-1.28455	-1.28362	-1.28359	-1.28359	-1.28358
	-1.34429	-1.34332	-1.3433	-1.3433	-1.34328
	-1.40404	-1.40302	-1.403	-1.403	-1.40298
	-1.46379	-1.46273	-1.4627	-1.4627	-1.46268
	-1.52353	-1.52243	-1.5224	-1.5224	-1.52238
	-1.58328	-1.58213	-1.5821	-1.58211	-1.58209
	-1.64302	-1.64184	-1.64181	-1.64181	-1.64179
	-1.70277	-1.70154	-1.70151	-1.70151	-1.70149
	-1.76252	-1.76124	-1.76121	-1.76121	-1.76119
	-1.82226	-1.82095	-1.82091	-1.82092	-1.82089
	-1.88201	-1.88065	-1.88062	-1.88062	-1.88059
	-1.94176	-1.94035	-1.94032	-1.94032	-1.9403
	-2.00151	-2.00006	-2.00002	-2.00002	-2
	-2.06125	-2.05976	-2.05972	-2.05973	-2.0597
	-2.121	-2.11946	-2.11943	-2.11943	-2.1194
	-2.18075	-2.17917	-2.17913	-2.17913	-2.1791
	-2.2405	-2.23887	-2.23883	-2.23883	-2.23881
	-2.30024	-2.29857	-2.29853	-2.29853	-2.29851
	-2.35999	-2.35828	-2.35824	-2.35824	-2.35821
	-2.41974	-2.41798	-2.41794	-2.41794	-2.41791
	-2.47948	-2.47768	-2.47764	-2.47764	-2.47761
	-2.53923	-2.53739	-2.53734	-2.53734	-2.53731
	-2.59898	-2.59709	-2.59704	-2.59705	-2.59702
	-2.65872	-2.65679	-2.65675	-2.65675	-2.65672
	-2.71847	-2.7165	-2.71645	-2.71645	-2.71642
	-2.77822	-2.7762	-2.77615	-2.77615	-2.77612
	-2.83797	-2.8359	-2.83585	-2.83586	-2.83582
	-2.89771	-2.89561	-2.89556	-2.89556	-2.89553
	-2.95746	-2.95531	-2.95526	-2.95526	-2.95523
	-3.01721	-3.01501	-3.01496	-3.01496	-3.01493
	-3.07695	-3.07472	-3.07466	-3.07467	-3.07463
	-3.1367	-3.13442	-3.13437	-3.13437	-3.13433
	-3.19645	-3.19413	-3.19407	-3.19407	-3.19404
	-3.25619	-3.25383	-3.25377	-3.25377	-3.25374
	-3.31594	-3.31353	-3.31347	-3.31347	-3.31344
	-3.37569	-3.37324	-3.37317	-3.37318	-3.37314
	-3.43544	-3.43294	-3.43288	-3.43288	-3.43284
	-3.49518	-3.49264	-3.49258	-3.49258	-3.49255
	-3.55493	-3.55235	-3.55228	-3.55228	-3.55225
	-3.61468	-3.61205	-3.61198	-3.61199	-3.61195
	-3.67442	-3.67175	-3.67169	-3.67169	-3.67165
	-3.73417	-3.73146	-3.73139	-3.73139	-3.73135
	-3.79392	-3.79116	-3.79109	-3.79109	-3.79105
	-3.85366	-3.85086	-3.85079	-3.85079	-3.85075
	-3.91341	-3.91056	-3.91049	-3.91049	-3.91045
	-3.97315	-3.97026	-3.97019	-3.97019	-3.97015
	-4.0329	-4.02996	-4.02989	-4.02989	-4.02985
	-4.09264	-4.08966	-4.08959	-4.08959	-4.08955
	-4.15238	-4.14936	-4.14928	-4.14928	-4.14924
	-4.21212	-4.20905	-4.20897	-4.20898	-4.20894
	-4.27185	-4.26874	-4.26866	-4.26866	-4.26862
	-4.33158	-4.32842	-4.32834	-4.32834	-4.3283
	-4.39129	-4.38809	-4.38801	-4.38801	-4.38797
	-4.451	-4.44775	-4.44767	-4.44767	-4.44763
	-4.51068	-4.50739	-4.5073	-4.50731	-4.50727
	-4.57033	-4.567	-4.56691	-4.56692	-4.56688
	-4.62994	-4.62657	-4.62648	-4.62648	-4.62644
	-4.68949	-4.68607	-4.68598	-4.68599	-4.68594
	-4.74895	-4.74549	-4.7454	-4.7454	-4.74536
	-4.80829	-4.80478	-4.80469	-4.80469	-4.80465
	-4.86743	-4.86389	-4.86379	-4.8638	-4.86375
	-4.92632	-4.92273	-4.92263	-4.92263	-4.92259
	-4.98482	-4.98118	-4.98109	-4.98109	-4.98105
	-5.04277	-5.03909	-5.03899	-5.03899	-5.03895
	-5.09993	-5.0962	-5.0961	-5.09611	-5.09606
	-5.15596	-5.15218	-5.15209	-5.15209	-5.15204
	-5.21037	-5.20655	-5.20645	-5.20646	-5.20641
	-5.2625	-5.25864	-5.25853	-5.25854	-5.25849
	-5.31142	-5.3075	-5.3074	-5.3074	-5.30736
	-5.35587	-5.35189	-5.35179	-5.35179	-5.35175
	-5.39418	-5.39014	-5.39003	-5.39003	-5.38999
	-5.42421	-5.4201	-5.41999	-5.41999	-5.41994
	-5.44333	-5.43914	-5.43902	-5.43902	-5.43898
	-5.44849	-5.4442	-5.44408	-5.44408	-5.44404
	-5.43634	-5.43195	-5.43182	-5.43182	-5.43178
	-5.40412	-5.39961	-5.39949	-5.39949	-5.39944
	-5.34988	-5.34525	-5.34512	-5.34512	-5.34507
	-5.25996	-5.2552	-5.25507	-5.25506	-5.25502
	-5.11262	-5.10769	-5.10755	-5.10754	-5.1075
	-0.0298853	-0.0298533	-0.0298518	-0.0298513	-0.0298509
	-0.0896364	-0.0895565	-0.089554	-0.0895535	-0.0895523
	-0.14938	-0.149259	-0.149256	-0.149255	-0.149253
	-0.209127	-0.208962	-0.208958	-0.208957	-0.208955
	-0.268874	-0.268665	-0.26866	-0.268659	-0.268656
	-0.328621	-0.328368	-0.328362	-0.328361	-0.328357
	-0.388367	-0.388071	-0.388064	-0.388063	-0.388058
	-0.448112	-0.447773	-0.447766	-0.447765	-0.44776
	-0.507858	-0.507476	-0.507467	-0.507467	-0.507461
	-0.567603	-0.56718	-0.567169	-0.567169	-0.567162
	-0.627348	-0.626883	-0.626871	-0.626871	-0.626863
	-0.687093	-0.686586	-0.686573	-0.686573	-0.686564
	-0.746839	-0.746289	-0.746275	-0.746275	-0.746266
	-0.806584	-0.805992	-0.805977	-0.805978	-0.805967
	-0.86633	-0.865695	-0.865679	-0.86568	-0.865668
	-0.926076	-0.925398	-0.925381	-0.925382	-0.92537
	-0.985821	-0.985101	-0.985083	-0.985084	-0.985071
	-1.04557	-1.0448	-1.04478	-1.04479	-1.04477
	-1.10531	-1.10451	-1.10449	-1.10449	-1.10447
	-1.16506	-1.16421	-1.16419	-1.16419	-1.16418
	-1.2248	-1.22391	-1.22389	-1.22389	-1.22388
	-1.28455	-1.28362	-1.28359	-1.2836	-1.28358
	-1.34429	-1.34332	-1.3433	-1.3433	-1.34328
	-1.40404	-1.40302	-1.403	-1.403	-1.40298
	-1.46379	-1.46273	-1.4627	-1.4627	-1.46268
	-1.52353	-1.52243	-1.5224	-1.5224	-1.52238
	-1.58328	-1.58213	-1.5821	-1.58211	-1.58209
	-1.64302	-1.64184	-1.64181	-1.64181	-1.64179
	-1.70277	-1.70154	-1.70151	-1.70151	-1.70149
	-1.76252	-1.76124	-1.76121	-1.76121	-1.76119
	-1.82226	-1.82095	-1.82091	-1.82092	-1.82089
	-1.88201	-1.88065	-1.88062	-1.88062	-1.88059
	-1.94176	-1.94035	-1.94032	-1.94032	-1.9403
	-2.0015	-2.00006	-2.00002	-2.00002	-2
	-2.06125	-2.05976	-2.05972	-2.05973	-2.0597
	-2.121	-2.11946	-2.11943	-2.11943	-2.1194
	-2.18075	-2.17917	-2.17913	-2.17913	-2.1791
	-2.24049	-2.23887	-2.23883	-2.23883	-2.23881
	-2.30024	-2.29857	-2.29853	-2.29853	-2.29851
	-2.35999	-2.35828	-2.35824	-2.35824	-2.35821
	-2.41973	-2.41798	-2.41794	-2.41794	-2.41791
	-2.47948	-2.47768	-2.47764	-2.47764	-2.47761
	-2.53923	-2.53739	-2.53734	-2.53734	-2.53731
	-2.59898	-2.59709	-2.59704	-2.59705	-2.59702
	-2.65872	-2.65679	-2.65675	-2.65675	-2.65672
	-2.71847	-2.7165	-2.71645	-2.71645	-2.71642
	-2.77822	-2.7762	-2.77615	-2.77615	-2.77612
	-2.83796	-2.8359	-2.83585	-2.83586	-2.83582
	-2.89771	-2.89561	-2.89556	-2.89556	-2.89553
	-2.95746	-2.95531	-2.95526	-2.95526	-2.95523
	-3.0172	-3.01501	-3.01496	-3.01496	-3.01493
	-3.07695	-3.07472	-3.07466	-3.07467	-3.07463
	-3.1367	-3.13442	-3.13437	-3.13437	-3.13433
	-3.19645	-3.19412	-3.19407	-3.19407	-3.19404
	-3.25619	-3.25383	-3.25377	-3.25377	-3.25374
	-3.31594	-3.31353	-3.31347	-3.31347	-3.31344
	-3.37569	-3.37324	-3.37317	-3.37318	-3.37314
	-3.43543	-3.43294	-3.43288	-3.43288	-3.43284
	-3.49518	-3.49264	-3.49258	-3.49258	-3.49255
	-3.55493	-3.55235	-3.55228	-3.55228	-3.55225
	-3.61468	-3.61205	-3.61198	-3.61199	-3.61195
	-3.67442	-3.67175	-3.67169	-3.67169	-3.67165
	-3.73417	-3.73146	-3.73139	-3.73139	-3.73135
	-3.79392	-3.79116	-3.79109	-3.79109	-3.79105
	-3.85366	-3.85086	-3.85079	-3.85079	-3.85076
	-3.91341	-3.91056	-3.91049	-3.91049	-3.91046
	-3.97316	-3.97027	-3.97019	-3.97019	-3.97016
	-4.0329	-4.02997	-4.02989	-4.02989	-4.02986
	-4.09265	-4.08967	-4.08959	-4.08959	-4.08955
	-4.15239	-4.14937	-4.14929	-4.14929	-4.14925
	-4.21213	-4.20906	-4.20898	-4.20899	-4.20895
	-4.27187	-4.26875	-4.26867	-4.26868	-4.26864
	-4.3316	-4.32844	-4.32836	-4.32836	-4.32832
	-4.39132	-4.38813	-4.38804	-4.38805	-4.388
	-4.45104	-4.4478	-4.44771	-4.44772	-4.44768
	-4.51074	-4.50746	-4.50737	-4.50737	-4.50733
	-4.57042	-4.56709	-4.56701	-4.56701	-4.56697
	-4.63008	-4.6267	-4.62661	-4.62662	-4.62658
	-4.68969	-4.68627	-4.68618	-4.68618	-4.68614
	-4.74923	-4.74577	-4.74568	-4.74568	-4.74564
	-4.80869	-4.80519	-4.80509	-4.8051	-4.80505
	-4.86802	-4.86447	-4.86438	-4.86438	-4.86434
	-4.92716	-4.92357	-4.92347	-4.92348	-4.92343
	-4.98603	-4.98239	-4.9823	-4.9823	-4.98226
	-5.04451	-5.04083	-5.04073	-5.04073	-5.04069
	-5.10241	-5.09869	-5.09859	-5.09859	-5.09855
	-5.15949	-5.15572	-5.15562	-5.15562	-5.15558
	-5.21537	-5.21156	-5.21146	-5.21146	-5.21142
	-5.26954	-5.26568	-5.26558	-5.26558	-5.26554
	-5.32125	-5.31734	-5.31724	-5.31724	-5.3172
	-5.36946	-5.3655	-5.36539	-5.3654	-5.36535
	-5.41274	-5.40872	-5.40861	-5.40861	-5.40857
	-5.44918	-5.4451	-5.44498	-5.44499	-5.44494
	-5.47632	-5.47216	-5.47204	-5.47205	-5.472
	-5.49112	-5.48688	-5.48676	-5.48676	-5.48672
	-5.49005	-5.48571	-5.48559	-5.48559	-5.48555
	-5.46982	-5.46538	-5.46526	-5.46526	-5.46522
	-5.42758	-5.42304	-5.42292	-5.42292	-5.42287
	-5.34849	-5.34385	-5.34372	-5.34372	-5.34368
	-5.20927	-5.20452	-5.20439	-5.20439	-5.20434
	-0.0298904	-0.0298541	-0.0298521	-0.0298515	-0.0298509
	-0.0896441	-0.089558	-0.0895544	-0.0895537	-0.0895524
	-0.149387	-0.14926	-0.149256	-0.149256	-0.149254
	-0.209133	-0.208963	-0.208958	-0.208957	-0.208955
	-0.268881	-0.268666	-0.26866	-0.268659	-0.268656
	-0.328627	-0.328369	-0.328362	-0.328361	-0.328357
	-0.388373	-0.388072	-0.388064	-0.388063	-0.388059
	-0.448119	-0.447775	-0.447766	-0.447765	-0.44776
	-0.507864	-0.507478	-0.507468	-0.507467	-0.507461
	-0.567609	-0.567181	-0.56717	-0.567169	-0.567162
	-0.627354	-0.626884	-0.626872	-0.626871	-0.626863
	-0.687098	-0.686587	-0.686573	-0.686574	-0.686564
	-0.746844	-0.74629	-0.746275	-0.746276	-0.746266
	-0.806589	-0.805993	-0.805977	-0.805978	-0.805967
	-0.866334	-0.865696	-0.865679	-0.86568	-0.865668
	-0.926079	-0.925399	-0.925381	-0.925382	-0.92537
	-0.985824	-0.985102	-0.985083	-0.985084	-0.985071
	-1.04557	-1.0448	-1.04479	-1.04479	-1.04477
	-1.10531	-1.10451	-1.10449	-1.10449	-1.10447
	-1.16506	-1.16421	-1.16419	-1.16419	-1.16418
	-1.2248	-1.22391	-1.22389	-1.22389	-1.22388
	-1.28455	-1.28362	-1.28359	-1.2836	-1.28358
	-1.34429	-1.34332	-1.3433	-1.3433	-1.34328
	-1.40404	-1.40302	-1.403	-1.403	-1.40298
	-1.46378	-1.46273	-1.4627	-1.4627	-1.46268
	-1.52353	-1.52243	-1.5224	-1.5224	-1.52238
	-1.58328	-1.58213	-1.58211	-1.58211	-1.58209
	-1.64302	-1.64184	-1.64181	-1.64181	-1.64179
	-1.70277	-1.70154	-1.70151	-1.70151	-1.70149
	-1.76252	-1.76124	-1.76121	-1.76121	-1.76119
	-1.82226	-1.82095	-1.82091	-1.82092	-1.82089
	-1.88201	-1.88065	-1.88062	-1.88062	-1.88059
	-1.94176	-1.94035	-1.94032	-1.94032	-1.9403
	-2.0015	-2.00006	-2.00002	-2.00002	-2
	-2.06125	-2.05976	-2.05972	-2.05973	-2.0597
	-2.121	-2.11946	-2.11943	-2.11943	-2.1194
	-2.18074	-2.17917	-2.17913	-2.17913	-2.1791
	-2.24049	-2.23887	-2.23883	-2.23883	-2.23881
	-2.30024	-2.29857	-2.29853	-2.29853	-2.29851
	-2.35999	-2.35828	-2.35824	-2.35824	-2.35821
	-2.41973	-2.41798	-2.41794	-2.41794	-2.41791
	-2.47948	-2.47768	-2.47764	-2.47764	-2.47761
	-2.53923	-2.53739	-2.53734	-2.53734	-2.53731
	-2.59897	-2.59709	-2.59704	-2.59705	-2.59702
	-2.65872	-2.65679	-2.65675	-2.65675	-2.65672
	-2.71847	-2.7165	-2.71645	-2.71645	-2.71642
	-2.77822	-2.7762	-2.77615	-2.77615	-2.77612
	-2.83796	-2.8359	-2.83585	-2.83586	-2.83582
	-2.89771	-2.89561	-2.89556	-2.89556	-2.89553
	-2.95746	-2.95531	-2.95526	-2.95526	-2.95523
	-3.0172	-3.01501	-3.01496	-3.01496	-3.01493
	-3.07695	-3.07472	-3.07466	-3.07467	-3.07463
	-3.1367	-3.13442	-3.13436	-3.13437	-3.13433
	-3.19644	-3.19412	-3.19407	-3.19407	-3.19404
	-3.25619	-3.25383	-3.25377	-3.25377	-3.25374
	-3.31594	-3.31353	-3.31347	-3.31347	-3.31344
	-3.37569	-3.37324	-3.37317	-3.37318	-3.37314
	-3.43543	-3.43294	-3.43288	-3.43288	-3.43284
	-3.49518	-3.49264	-3.49258	-3.49258	-3.49255
	-3.55493	-3.55235	-3.55228	-3.55228	-3.55225
	-3.61467	-3.61205	-3.61198	-3.61199	-3.61195
	-3.67442	-3.67175	-3.67169	-3.67169	-3.67165
	-3.73417	-3.73146	-3.73139	-3.73139	-3.73135
	-3.79392	-3.79116	-3.79109	-3.79109	-3.79106
	-3.85366	-3.85086	-3.85079	-3.85079	-3.85076
	-3.91341	-3.91057	-3.91049	-3.9105	-3.91046
	-3.97316	-3.97027	-3.9702	-3.9702	-3.97016
	-4.03291	-4.02997	-4.0299	-4.0299	-4.02986
	-4.09265	-4.08967	-4.0896	-4.0896	-4.08956
	-4.1524	-4.14937	-4.1493	-4.1493	-4.14926
	-4.21214	-4.20907	-4.209	-4.209	-4.20896
	-4.27189	-4.26877	-4.26869	-4.2687	-4.26866
	-4.33163	-4.32847	-4.32839	-4.32839	-4.32835
	-4.39136	-4.38816	-4.38808	-4.38808	-4.38804
	-4.4511	-4.44785	-4.44777	-4.44777	-4.44773
	-4.51082	-4.50753	-4.50745	-4.50745	-4.50741
	-4.57054	-4.56721	-4.56712	-4.56712	-4.56708
	-4.63024	-4.62687	-4.62678	-4.62678	-4.62674
	-4.68993	-4.68651	-4.68642	-4.68642	-4.68638
	-4.74958	-4.74612	-4.74603	-4.74603	-4.74599
	-4.80919	-4.80569	-4.80559	-4.8056	-4.80555
	-4.86874	-4.86519	-4.8651	-4.8651	-4.86506
	-4.9282	-4.92461	-4.92451	-4.92452	-4.92447
	-4.98753	-4.98389	-4.9838	-4.9838	-4.98376
	-5.04666	-5.04298	-5.04288	-5.04289	-5.04284
	-5.1055	-5.10178	-5.10168	-5.10168	-5.10164
	-5.16391	-5.16015	-5.16005	-5.16005	-5.16001
	-5.22168	-5.21787	-5.21777	-5.21777	-5.21773
	-5.2785	-5.27464	-5.27454	-5.27454	-5.2745
	-5.33388	-5.32997	-5.32987	-5.32987	-5.32983
	-5.38712	-5.38317	-5.38306	-5.38306	-5.38302
	-5.43719	-5.43319	-5.43308	-5.43308	-5.43303
	-5.4826	-5.47854	-5.47842	-5.47843	-5.47838
	-5.52128	-5.51715	-5.51704	-5.51704	-5.51699
	-5.55044	-5.54624	-5.54612	-5.54612	-5.54608
	-5.56649	-5.56221	-5.56209	-5.56209	-5.56205
	-5.56561	-5.56125	-5.56113	-5.56113	-5.56108
	-5.54369	-5.53926	-5.53914	-5.53914	-5.53909
	-5.48373	-5.47924	-5.47912	-5.47912	-5.47907
	-5.35879	-5.35426	-5.35413	-5.35413	-5.35408
	-0.029895	-0.0298548	-0.0298523	-0.0298516	-0.029851
	-0.0896511	-0.0895592	-0.0895547	-0.0895538	-0.0895525
	-0.149393	-0.149261	-0.149256	-0.149256	-0.149254
	-0.209139	-0.208964	-0.208958	-0.208958	-0.208955
	-0.268887	-0.268667	-0.26866	-0.26866	-0.268656
	-0.328634	-0.32837	-0.328362	-0.328362	-0.328358
	-0.388379	-0.388073	-0.388064	-0.388064	-0.388059
	-0.448124	-0.447776	-0.447766	-0.447766	-0.44776
	-0.507869	-0.507479	-0.507468	-0.507468	-0.507461
	-0.567614	-0.567182	-0.56717	-0.56717	-0.567162
	-0.627358	-0.626885	-0.626872	-0.626872	-0.626864
	-0.687103	-0.686588	-0.686574	-0.686574	-0.686565
	-0.746848	-0.746291	-0.746276	-0.746276	-0.746266
	-0.806592	-0.805994	-0.805978	-0.805978	-0.805967
	-0.866337	-0.865697	-0.86568	-0.86568	-0.865669
	-0.926082	-0.9254	-0.925382	-0.925382	-0.92537
	-0.985826	-0.985103	-0.985084	-0.985084	-0.985072
	-1.04557	-1.04481	-1.04479	-1.04479	-1.04477
	-1.10532	-1.10451	-1.10449	-1.10449	-1.10447
	-1.16506	-1.16421	-1.16419	-1.16419	-1.16418
	-1.2248	-1.22391	-1.22389	-1.22389	-1.22388
	-1.28455	-1.28362	-1.28359	-1.2836	-1.28358
	-1.34429	-1.34332	-1.3433	-1.3433	-1.34328
	-1.40404	-1.40302	-1.403	-1.403	-1.40298
	-1.46378	-1.46273	-1.4627	-1.4627	-1.46268
	-1.52353	-1.52243	-1.5224	-1.5224	-1.52238
	-1.58328	-1.58213	-1.58211	-1.58211	-1.58209
	-1.64302	-1.64184	-1.64181	-1.64181	-1.64179
	-1.70277	-1.70154	-1.70151	-1.70151	-1.70149
	-1.76251	-1.76124	-1.76121	-1.76121	-1.76119
	-1.82226	-1.82095	-1.82092	-1.82092	-1.82089
	-1.88201	-1.88065	-1.88062	-1.88062	-1.88059
	-1.94175	-1.94035	-1.94032	-1.94032	-1.9403
	-2.0015	-2.00006	-2.00002	-2.00002	-2
	-2.06125	-2.05976	-2.05972	-2.05973	-2.0597
	-2.121	-2.11946	-2.11943	-2.11943	-2.1194
	-2.18074	-2.17917	-2.17913	-2.17913	-2.1791
	-2.24049	-2.23887	-2.23883	-2.23883	-2.23881
	-2.30024	-2.29857	-2.29853	-2.29853	-2.29851
	-2.35998	-2.35828	-2.35824	-2.35824	-2.35821
	-2.41973	-2.41798	-2.41794	-2.41794	-2.41791
	-2.47948	-2.47768	-2.47764	-2.47764	-2.47761
	-2.53923	-2.53739	-2.53734	-2.53734	-2.53731
	-2.59897	-2.59709	-2.59704	-2.59705	-2.59702
	-2.65872	-2.65679	-2.65675	-2.65675	-2.65672
	-2.71847	-2.7165	-2.71645	-2.71645	-2.71642
	-2.77821	-2.7762	-2.77615	-2.77615	-2.77612
	-2.83796	-2.8359	-2.83585	-2.83586	-2.83582
	-2.89771	-2.89561	-2.89556	-2.89556	-2.89553
	-2.95746	-2.95531	-2.95526	-2.95526	-2.95523
	-3.0172	-3.01501	-3.01496	-3.01496	-3.01493
	-3.07695	-3.07472	-3.07466	-3.07467	-3.07463
	-3.1367	-3.13442	-3.13436	-3.13437	-3.13433
	-3.19644	-3.19412	-3.19407	-3.19407	-3.19404
	-3.25619	-3.25383	-3.25377	-3.25377	-3.25374
	-3.31594	-3.31353	-3.31347	-3.31347	-3.31344
	-3.37569	-3.37323	-3.37317	-3.37318	-3.37314
	-3.43543	-3.43294	-3.43288	-3.43288	-3.43284
	-3.49518	-3.49264	-3.49258	-3.49258	-3.49255
	-3.55493	-3.55235	-3.55228	-3.55228	-3.55225
	-3.61467	-3.61205	-3.61198	-3.61199	-3.61195
	-3.67442	-3.67175	-3.67169	-3.67169	-3.67165
	-3.73417	-3.73146	-3.73139	-3.73139	-3.73135
	-3.79392	-3.79116	-3.79109	-3.79109	-3.79106
	-3.85367	-3.85086	-3.85079	-3.8508	-3.85076
	-3.91341	-3.91057	-3.9105	-3.9105	-3.91046
	-3.97316	-3.97027	-3.9702	-3.9702	-3.97016
	-4.03291	-4.02997	-4.0299	-4.0299	-4.02986
	-4.09266	-4.08968	-4.0896	-4.08961	-4.08957
	-4.15241	-4.14938	-4.14931	-4.14931	-4.14927
	-4.21216	-4.20909	-4.20901	-4.20901	-4.20897
	-4.2719	-4.26879	-4.26871	-4.26871	-4.26867
	-4.33165	-4.3285	-4.32841	-4.32842	-4.32838
	-4.3914	-4.3882	-4.38812	-4.38812	-4.38808
	-4.45115	-4.44791	-4.44782	-4.44782	-4.44778
	-4.5109	-4.50761	-4.50753	-4.50753	-4.50749
	-4.57065	-4.56732	-4.56723	-4.56723	-4.56719
	-4.6304	-4.62703	-4.62694	-4.62694	-4.6269
	-4.69016	-4.68674	-4.68665	-4.68665	-4.68661
	-4.74992	-4.74645	-4.74636	-4.74637	-4.74632
	-4.80968	-4.80617	-4.80608	-4.80608	-4.80604
	-4.86945	-4.8659	-4.8658	-4.86581	-4.86576
	-4.92922	-4.92563	-4.92554	-4.92554	-4.9255
	-4.98901	-4.98537	-4.98527	-4.98528	-4.98523
	-5.0488	-5.04512	-5.04502	-5.04502	-5.04498
	-5.10859	-5.10487	-5.10477	-5.10477	-5.10473
	-5.16836	-5.1646	-5.1645	-5.1645	-5.16446
	-5.22809	-5.22428	-5.22418	-5.22418	-5.22414
	-5.2877	-5.28385	-5.28374	-5.28375	-5.2837
	-5.34705	-5.34315	-5.34304	-5.34305	-5.343
	-5.40587	-5.40193	-5.40182	-5.40182	-5.40178
	-5.4637	-5.4597	-5.45959	-5.4596	-5.45955
	-5.51973	-5.51568	-5.51557	-5.51558	-5.51553
	-5.57266	-5.56856	-5.56844	-5.56845	-5.5684
	-5.62044	-5.61627	-5.61615	-5.61615	-5.61611
	-5.65995	-5.65572	-5.65561	-5.65561	-5.65556
	-5.68731	-5.68302	-5.6829	-5.6829	-5.68286
	-5.69727	-5.69293	-5.69281	-5.69281	-5.69277
	-5.66977	-5.66541	-5.66529	-5.66529	-5.66524
	-5.57027	-5.56594	-5.56582	-5.56582	-5.56578
	-0.0298987	-0.0298553	-0.0298524	-0.0298517	-0.029851
	-0.0896571	-0.0895602	-0.0895549	-0.089554	-0.0895526
	-0.149399	-0.149262	-0.149256	-0.149256	-0.149254
	-0.209146	-0.208965	-0.208958	-0.208958	-0.208955
	-0.268893	-0.268668	-0.26866	-0.26866	-0.268657
	-0.32864	-0.328371	-0.328362	-0.328362	-0.328358
	-0.388385	-0.388074	-0.388064	-0.388064	-0.388059
	-0.44813	-0.447777	-0.447766	-0.447766	-0.44776
	-0.507874	-0.50748	-0.507468	-0.507468	-0.507461
	-0.567619	-0.567183	-0.56717	-0.56717	-0.567162
	-0.627363	-0.626887	-0.626872	-0.626872	-0.626864
	-0.687107	-0.68659	-0.686574	-0.686574	-0.686565
	-0.746851	-0.746292	-0.746276	-0.746276	-0.746266
	-0.806595	-0.805995	-0.805978	-0.805978	-0.805968
	-0.86634	-0.865698	-0.86568	-0.86568	-0.865669
	-0.926084	-0.925401	-0.925382	-0.925382	-0.92537
	-0.985828	-0.985103	-0.985084	-0.985085	-0.985072
	-1.04557	-1.04481	-1.04479	-1.04479	-1.04477
	-1.10532	-1.10451	-1.10449	-1.10449	-1.10447
	-1.16506	-1.16421	-1.16419	-1.16419	-1.16418
	-1.2248	-1.22391	-1.22389	-1.22389	-1.22388
	-1.28455	-1.28362	-1.28359	-1.2836	-1.28358
	-1.34429	-1.34332	-1.3433	-1.3433	-1.34328
	-1.40404	-1.40302	-1.403	-1.403	-1.40298
	-1.46378	-1.46273	-1.4627	-1.4627	-1.46268
	-1.52353	-1.52243	-1.5224	-1.5224	-1.52238
	-1.58328	-1.58213	-1.58211	-1.58211	-1.58209
	-1.64302	-1.64184	-1.64181	-1.64181	-1.64179
	-1.70277	-1.70154	-1.70151	-1.70151	-1.70149
	-1.76251	-1.76124	-1.76121	-1.76121	-1.76119
	-1.82226	-1.82095	-1.82092	-1.82092	-1.82089
	-1.88201	-1.88065	-1.88062	-1.88062	-1.88059
	-1.94175	-1.94035	-1.94032	-1.94032	-1.9403
	-2.0015	-2.00006	-2.00002	-2.00002	-2
	-2.06125	-2.05976	-2.05972	-2.05973	-2.0597
	-2.12099	-2.11946	-2.11943	-2.11943	-2.1194
	-2.18074	-2.17917	-2.17913	-2.17913	-2.1791
	-2.24049	-2.23887	-2.23883	-2.23883	-2.23881
	-2.30024	-2.29857	-2.29853	-2.29853	-2.29851
	-2.35998	-2.35828	-2.35824	-2.35824	-2.35821
	-2.41973	-2.41798	-2.41794	-2.41794	-2.41791
	-2.47948	-2.47768	-2.47764	-2.47764	-2.47761
	-2.53922	-2.53739	-2.53734	-2.53734	-2.53731
	-2.59897	-2.59709	-2.59704	-2.59705	-2.59702
	-2.65872	-2.65679	-2.65675	-2.65675	-2.65672
	-2.71847	-2.7165	-2.71645	-2.71645	-2.71642
	-2.77821	-2.7762	-2.77615	-2.77615	-2.77612
	-2.83796	-2.8359	-2.83585	-2.83586	-2.83582
	-2.89771	-2.89561	-2.89556	-2.89556	-2.89553
	-2.95745	-2.95531	-2.95526	-2.95526	-2.95523
	-3.0172	-3.01501	-3.01496	-3.01496	-3.01493
	-3.07695	-3.07472	-3.07466	-3.07467	-3.07463
	-3.13669	-3.13442	-3.13436	-3.13437	-3.13433
	-3.19644	-3.19412	-3.19407	-3.19407	-3.19404
	-3.25619	-3.25383	-3.25377	-3.25377	-3.25374
	-3.31594	-3.31353	-3.31347	-3.31347	-3.31344
	-3.37568	-3.37323	-3.37317	-3.37318	-3.37314
	-3.43543	-3.43294	-3.43288	-3.43288	-3.43284
	-3.49518	-3.49264	-3.49258	-3.49258	-3.49255
	-3.55493	-3.55235	-3.55228	-3.55228	-3.55225
	-3.61467	-3.61205	-3.61198	-3.61199	-3.61195
	-3.67442	-3.67175	-3.67169	-3.67169	-3.67165
	-3.73417	-3.73146	-3.73139	-3.73139	-3.73135
	-3.79392	-3.79116	-3.79109	-3.79109	-3.79106
	-3.85367	-3.85086	-3.85079	-3.8508	-3.85076
	-3.91342	-3.91057	-3.9105	-3.9105	-3.91046
	-3.97316	-3.97027	-3.9702	-3.9702	-3.97016
	-4.03291	-4.02998	-4.0299	-4.02991	-4.02987
	-4.09266	-4.08968	-4.08961	-4.08961	-4.08957
	-4.15241	-4.14939	-4.14931	-4.14931	-4.14927
	-4.21216	-4.2091	-4.20902	-4.20902	-4.20898
	-4.27192	-4.2688	-4.26873	-4.26873	-4.26869
	-4.33167	-4.32851	-4.32843	-4.32844	-4.3284
	-4.39143	-4.38823	-4.38815	-4.38815	-4.38811
	-4.45119	-4.44795	-4.44786	-4.44786	-4.44782
	-4.51096	-4.50767	-4.50759	-4.50759	-4.50755
	-4.57074	-4.56741	-4.56732	-4.56732	-4.56728
	-4.63053	-4.62715	-4.62706	-4.62707	-4.62703
	-4.69034	-4.68692	-4.68683	-4.68683	-4.68679
	-4.75018	-4.74672	-4.74663	-4.74663	-4.74659
	-4.81006	-4.80656	-4.80646	-4.80647	-4.80642
	-4.87	-4.86645	-4.86636	-4.86636	-4.86632
	-4.93003	-4.92644	-4.92634	-4.92634	-4.9263
	-4.99018	-4.98654	-4.98644	-4.98645	-4.9864
	-5.0505	-5.04682	-5.04672	-5.04672	-5.04668
	-5.11107	-5.10734	-5.10724	-5.10725	-5.1072
	-5.17198	-5.16821	-5.16811	-5.16811	-5.16807
	-5.23337	-5.22956	-5.22946	-5.22946	-5.22942
	-5.29541	-5.29156	-5.29145	-5.29146	-5.29141
	-5.35832	-5.35442	-5.35431	-5.35432	-5.35427
	-5.42234	-5.4184	-5.41829	-5.41829	-5.41825
	-5.48773	-5.48374	-5.48363	-5.48363	-5.48358
	-5.55467	-5.55062	-5.55051	-5.55051	-5.55046
	-5.62312	-5.61902	-5.6189	-5.6189	-5.61886
	-5.69259	-5.68843	-5.68831	-5.68832	-5.68827
	-5.76166	-5.75744	-5.75732	-5.75733	-5.75728
	-5.82773	-5.82347	-5.82335	-5.82335	-5.82331
	-5.88576	-5.88148	-5.88136	-5.88136	-5.88132
	-5.91335	-5.90908	-5.90897	-5.90897	-5.90893
	-5.86314	-5.85896	-5.85884	-5.85885	-5.8588
	-0.0299013	-0.0298556	-0.0298525	-0.0298517	-0.0298511
	-0.0896618	-0.0895609	-0.089555	-0.0895541	-0.0895527
	-0.149405	-0.149263	-0.149257	-0.149256	-0.149254
	-0.209152	-0.208966	-0.208958	-0.208958	-0.208955
	-0.2689	-0.268669	-0.26866	-0.26866	-0.268657
	-0.328646	-0.328373	-0.328362	-0.328362	-0.328358
	-0.388391	-0.388076	-0.388064	-0.388064	-0.388059
	-0.448135	-0.447779	-0.447766	-0.447766	-0.44776
	-0.507879	-0.507482	-0.507468	-0.507468	-0.507461
	-0.567623	-0.567185	-0.56717	-0.56717	-0.567163
	-0.627367	-0.626888	-0.626872	-0.626872	-0.626864
	-0.687111	-0.686591	-0.686574	-0.686574	-0.686565
	-0.746854	-0.746294	-0.746276	-0.746276	-0.746266
	-0.806598	-0.805996	-0.805978	-0.805978	-0.805968
	-0.866342	-0.865699	-0.86568	-0.86568	-0.865669
	-0.926085	-0.925402	-0.925382	-0.925383	-0.92537
	-0.985829	-0.985104	-0.985084	-0.985085	-0.985072
	-1.04557	-1.04481	-1.04479	-1.04479	-1.04477
	-1.10532	-1.10451	-1.10449	-1.10449	-1.10447
	-1.16506	-1.16421	-1.16419	-1.16419	-1.16418
	-1.2248	-1.22392	-1.22389	-1.22389	-1.22388
	-1.28455	-1.28362	-1.2836	-1.2836	-1.28358
	-1.34429	-1.34332	-1.3433	-1.3433	-1.34328
	-1.40404	-1.40302	-1.403	-1.403	-1.40298
	-1.46378	-1.46273	-1.4627	-1.4627	-1.46268
	-1.52353	-1.52243	-1.5224	-1.5224	-1.52238
	-1.58327	-1.58213	-1.58211	-1.58211	-1.58209
	-1.64302	-1.64184	-1.64181	-1.64181	-1.64179
	-1.70277	-1.70154	-1.70151	-1.70151	-1.70149
	-1.76251	-1.76124	-1.76121	-1.76121	-1.76119
	-1.82226	-1.82095	-1.82092	-1.82092	-1.82089
	-1.88201	-1.88065	-1.88062	-1.88062	-1.88059
	-1.94175	-1.94035	-1.94032	-1.94032	-1.9403
	-2.0015	-2.00006	-2.00002	-2.00002	-2
	-2.06125	-2.05976	-2.05972	-2.05973	-2.0597
	-2.12099	-2.11946	-2.11943	-2.11943	-2.1194
	-2.18074	-2.17917	-2.17913	-2.17913	-2.1791
	-2.24049	-2.23887	-2.23883	-2.23883	-2.23881
	-2.30023	-2.29857	-2.29853	-2.29853	-2.29851
	-2.35998	-2.35828	-2.35823	-2.35824	-2.35821
	-2.41973	-2.41798	-2.41794	-2.41794	-2.41791
	-2.47948	-2.47768	-2.47764	-2.47764	-2.47761
	-2.53922	-2.53739	-2.53734	-2.53734	-2.53731
	-2.59897	-2.59709	-2.59704	-2.59705	-2.59702
	-2.65872	-2.65679	-2.65675	-2.65675	-2.65672
	-2.71846	-2.7165	-2.71645	-2.71645	-2.71642
	-2.77821	-2.7762	-2.77615	-2.77615	-2.77612
	-2.83796	-2.8359	-2.83585	-2.83586	-2.83582
	-2.89771	-2.89561	-2.89556	-2.89556	-2.89553
	-2.95745	-2.95531	-2.95526	-2.95526	-2.95523
	-3.0172	-3.01501	-3.01496	-3.01496	-3.01493
	-3.07695	-3.07472	-3.07466	-3.07466	-3.07463
	-3.13669	-3.13442	-3.13436	-3.13437	-3.13433
	-3.19644	-3.19412	-3.19407	-3.19407	-3.19404
	-3.25619	-3.25383	-3.25377	-3.25377	-3.25374
	-3.31594	-3.31353	-3.31347	-3.31347	-3.31344
	-3.37568	-3.37323	-3.37318	-3.37318	-3.37314
	-3.43543	-3.43294	-3.43288	-3.43288	-3.43284
	-3.49518	-3.49264	-3.49258	-3.49258	-3.49255
	-3.55493	-3.55235	-3.55228	-3.55228	-3.55225
	-3.61467	-3.61205	-3.61198	-3.61199	-3.61195
	-3.67442	-3.67175	-3.67169	-3.67169	-3.67165
	-3.73417	-3.73146	-3.73139	-3.73139	-3.73136
	-3.79392	-3.79116	-3.79109	-3.79109	-3.79106
	-3.85367	-3.85086	-3.85079	-3.8508	-3.85076
	-3.91342	-3.91057	-3.9105	-3.9105	-3.91046
	-3.97317	-3.97027	-3.9702	-3.9702	-3.97017
	-4.03292	-4.02998	-4.02991	-4.02991	-4.02987
	-4.09267	-4.08969	-4.08961	-4.08961	-4.08957
	-4.15242	-4.14939	-4.14932	-4.14932	-4.14928
	-4.21217	-4.2091	-4.20902	-4.20902	-4.20899
	-4.27193	-4.26881	-4.26873	-4.26873	-4.26869
	-4.33168	-4.32853	-4.32844	-4.32845	-4.32841
	-4.39145	-4.38824	-4.38816	-4.38816	-4.38812
	-4.45121	-4.44797	-4.44788	-4.44789	-4.44785
	-4.51099	-4.5077	-4.50762	-4.50762	-4.50758
	-4.57079	-4.56745	-4.56737	-4.56737	-4.56733
	-4.6306	-4.62722	-4.62713	-4.62714	-4.62709
	-4.69044	-4.68702	-4.68693	-4.68693	-4.68689
	-4.75033	-4.74686	-4.74677	-4.74677	-4.74673
	-4.81027	-4.80677	-4.80667	-4.80668	-4.80663
	-4.87031	-4.86676	-4.86666	-4.86667	-4.86662
	-4.93048	-4.92688	-4.92679	-4.92679	-4.92675
	-4.99083	-4.9872	-4.9871	-4.9871	-4.98706
	-5.05146	-5.04779	-5.04768	-5.04769	-5.04764
	-5.11249	-5.10877	-5.10867	-5.10867	-5.10863
	-5.1741	-5.17033	-5.17023	-5.17023	-5.17019
	-5.23654	-5.23273	-5.23262	-5.23263	-5.23258
	-5.30019	-5.29633	-5.29622	-5.29622	-5.29618
	-5.36557	-5.36166	-5.36155	-5.36156	-5.36151
	-5.43343	-5.42947	-5.42936	-5.42936	-5.42932
	-5.5048	-5.5008	-5.50068	-5.50069	-5.50064
	-5.5811	-5.57704	-5.57693	-5.57693	-5.57688
	-5.66415	-5.66003	-5.65992	-5.65992	-5.65988
	-5.75619	-5.75201	-5.75189	-5.75189	-5.75185
	-5.85953	-5.8553	-5.85518	-5.85519	-5.85514
	-5.97587	-5.9716	-5.97148	-5.97148	-5.97144
	-6.10377	-6.09949	-6.09937	-6.09938	-6.09933
	-6.2243	-6.22007	-6.21995	-6.21995	-6.21991
	-6.27637	-6.27225	-6.27214	-6.27214	-6.2721
	-0.0299027	-0.0298557	-0.0298525	-0.0298517	-0.0298511
	-0.0896655	-0.0895614	-0.0895551	-0.0895542	-0.0895527
	-0.14941	-0.149264	-0.149257	-0.149256	-0.149254
	-0.209158	-0.208967	-0.208959	-0.208958	-0.208955
	-0.268906	-0.268671	-0.26866	-0.26866	-0.268657
	-0.328652	-0.328374	-0.328362	-0.328362	-0.328358
	-0.388396	-0.388077	-0.388064	-0.388064	-0.388059
	-0.44814	-0.447781	-0.447766	-0.447766	-0.44776
	-0.507884	-0.507484	-0.507468	-0.507468	-0.507462
	-0.567627	-0.567187	-0.567171	-0.56717	-0.567163
	-0.627371	-0.62689	-0.626873	-0.626872	-0.626864
	-0.687114	-0.686592	-0.686575	-0.686574	-0.686565
	-0.746857	-0.746295	-0.746277	-0.746276	-0.746267
	-0.8066	-0.805997	-0.805979	-0.805978	-0.805968
	-0.866343	-0.8657	-0.865681	-0.865681	-0.865669
	-0.926087	-0.925402	-0.925383	-0.925383	-0.925371
	-0.98583	-0.985105	-0.985085	-0.985085	-0.985072
	-1.04557	-1.04481	-1.04479	-1.04479	-1.04477
	-1.10532	-1.10451	-1.10449	-1.10449	-1.10447
	-1.16506	-1.16421	-1.16419	-1.16419	-1.16418
	-1.2248	-1.22392	-1.22389	-1.22389	-1.22388
	-1.28455	-1.28362	-1.2836	-1.2836	-1.28358
	-1.34429	-1.34332	-1.3433	-1.3433	-1.34328
	-1.40404	-1.40302	-1.403	-1.403	-1.40298
	-1.46378	-1.46273	-1.4627	-1.4627	-1.46268
	-1.52353	-1.52243	-1.52241	-1.5224	-1.52238
	-1.58327	-1.58213	-1.58211	-1.58211	-1.58209
	-1.64302	-1.64184	-1.64181	-1.64181	-1.64179
	-1.70277	-1.70154	-1.70151	-1.70151	-1.70149
	-1.76251	-1.76124	-1.76121	-1.76121	-1.76119
	-1.82226	-1.82095	-1.82092	-1.82092	-1.82089
	-1.882	-1.88065	-1.88062	-1.88062	-1.88059
	-1.94175	-1.94035	-1.94032	-1.94032	-1.9403
	-2.0015	-2.00006	-2.00002	-2.00002	-2
	-2.06124	-2.05976	-2.05972	-2.05973	-2.0597
	-2.12099	-2.11946	-2.11943	-2.11943	-2.1194
	-2.18074	-2.17917	-2.17913	-2.17913	-2.1791
	-2.24049	-2.23887	-2.23883	-2.23883	-2.23881
	-2.30023	-2.29857	-2.29853	-2.29853	-2.29851
	-2.35998	-2.35827	-2.35823	-2.35824	-2.35821
	-2.41973	-2.41798	-2.41794	-2.41794	-2.41791
	-2.47948	-2.47768	-2.47764	-2.47764	-2.47761
	-2.53922	-2.53738	-2.53734	-2.53734	-2.53731
	-2.59897	-2.59709	-2.59704	-2.59705	-2.59702
	-2.65872	-2.65679	-2.65675	-2.65675	-2.65672
	-2.71846	-2.7165	-2.71645	-2.71645	-2.71642
	-2.77821	-2.7762	-2.77615	-2.77615	-2.77612
	-2.83796	-2.8359	-2.83585	-2.83586	-2.83582
	-2.8977	-2.89561	-2.89556	-2.89556	-2.89553
	-2.95745	-2.95531	-2.95526	-2.95526	-2.95523
	-3.0172	-3.01501	-3.01496	-3.01496	-3.01493
	-3.07695	-3.07472	-3.07466	-3.07466	-3.07463
	-3.13669	-3.13442	-3.13437	-3.13437	-3.13433
	-3.19644	-3.19412	-3.19407	-3.19407	-3.19404
	-3.25619	-3.25383	-3.25377	-3.25377	-3.25374
	-3.31594	-3.31353	-3.31347	-3.31347	-3.31344
	-3.37568	-3.37323	-3.37318	-3.37318	-3.37314
	-3.43543	-3.43294	-3.43288	-3.43288	-3.43284
	-3.49518	-3.49264	-3.49258	-3.49258	-3.49255
	-3.55493	-3.55235	-3.55228	-3.55228	-3.55225
	-3.61468	-3.61205	-3.61198	-3.61199	-3.61195
	-3.67442	-3.67175	-3.67169	-3.67169	-3.67165
	-3.73417	-3.73146	-3.73139	-3.73139	-3.73136
	-3.79392	-3.79116	-3.79109	-3.79109	-3.79106
	-3.85367	-3.85086	-3.85079	-3.8508	-3.85076
	-3.91342	-3.91057	-3.9105	-3.9105	-3.91046
	-3.97317	-3.97027	-3.9702	-3.9702	-3.97017
	-4.03292	-4.02998	-4.02991	-4.02991	-4.02987
	-4.09267	-4.08969	-4.08961	-4.08961	-4.08957
	-4.15242	-4.14939	-4.14932	-4.14932	-4.14928
	-4.21217	-4.2091	-4.20902	-4.20903	-4.20899
	-4.27193	-4.26881	-4.26873	-4.26873	-4.26869
	-4.33168	-4.32853	-4.32845	-4.32845	-4.32841
	-4.39145	-4.38825	-4.38816	-4.38816	-4.38812
	-4.45122	-4.44797	-4.44789	-4.44789	-4.44785
	-4.511	-4.50771	-4.50762	-4.50762	-4.50758
	-4.57079	-4.56746	-4.56737	-4.56737	-4.56733
	-4.6306	-4.62723	-4.62714	-4.62714	-4.6271
	-4.69045	-4.68703	-4.68694	-4.68694	-4.6869
	-4.75034	-4.74688	-4.74678	-4.74679	-4.74674
	-4.81029	-4.80679	-4.80669	-4.8067	-4.80665
	-4.87034	-4.86679	-4.8667	-4.8667	-4.86666
	-4.93052	-4.92693	-4.92683	-4.92684	-4.92679
	-4.99091	-4.98727	-4.98717	-4.98717	-4.98713
	-5.05158	-5.0479	-5.0478	-5.0478	-5.04776
	-5.11269	-5.10896	-5.10886	-5.10886	-5.10882
	-5.17442	-5.17065	-5.17055	-5.17055	-5.17051
	-5.2371	-5.23329	-5.23318	-5.23319	-5.23314
	-5.30119	-5.29733	-5.29722	-5.29722	-5.29718
	-5.3674	-5.36348	-5.36337	-5.36337	-5.36333
	-5.43681	-5.43284	-5.43273	-5.43273	-5.43269
	-5.51112	-5.50709	-5.50698	-5.50698	-5.50693
	-5.59292	-5.58884	-5.58872	-5.58872	-5.58868
	-5.68626	-5.6821	-5.68199	-5.68199	-5.68195
	-5.79729	-5.79308	-5.79296	-5.79296	-5.79292
	-5.93507	-5.9308	-5.93068	-5.93068	-5.93064
	-6.11061	-6.1063	-6.10618	-6.10618	-6.10614
	-6.33465	-6.33033	-6.33021	-6.33021	-6.33017
	-6.61575	-6.61148	-6.61136	-6.61136	-6.61132
	-6.90393	-6.89978	-6.89967	-6.89967	-6.89963
	-0.0299038	-0.0298558	-0.0298526	-0.0298518	-0.0298511
	-0.0896703	-0.089562	-0.0895554	-0.0895543	-0.0895528
	-0.149418	-0.149265	-0.149257	-0.149256	-0.149254
	-0.209166	-0.208969	-0.208959	-0.208958	-0.208956
	-0.268914	-0.268672	-0.268661	-0.26866	-0.268657
	-0.328659	-0.328376	-0.328363	-0.328362	-0.328358
	-0.388403	-0.388079	-0.388065	-0.388064	-0.388059
	-0.448146	-0.447782	-0.447767	-0.447766	-0.44776
	-0.507889	-0.507485	-0.507469	-0.507468	-0.507462
	-0.567632	-0.567188	-0.567171	-0.56717	-0.567163
	-0.627375	-0.626891	-0.626873	-0.626872	-0.626864
	-0.687117	-0.686594	-0.686575	-0.686574	-0.686565
	-0.74686	-0.746296	-0.746277	-0.746277	-0.746267
	-0.806603	-0.805999	-0.805979	-0.805979	-0.805968
	-0.866345	-0.865701	-0.865681	-0.865681	-0.865669
	-0.926088	-0.925403	-0.925383	-0.925383	-0.925371
	-0.98583	-0.985106	-0.985085	-0.985085	-0.985072
	-1.04557	-1.04481	-1.04479	-1.04479	-1.04477
	-1.10532	-1.10451	-1.10449	-1.10449	-1.10447
	-1.16506	-1.16421	-1.16419	-1.16419	-1.16418
	-1.2248	-1.22392	-1.22389	-1.22389	-1.22388
	-1.28455	-1.28362	-1.2836	-1.2836	-1.28358
	-1.34429	-1.34332	-1.3433	-1.3433	-1.34328
	-1.40403	-1.40302	-1.403	-1.403	-1.40298
	-1.46378	-1.46273	-1.4627	-1.4627	-1.46268
	-1.52353	-1.52243	-1.52241	-1.5224	-1.52238
	-1.58327	-1.58213	-1.58211	-1.58211	-1.58209
	-1.64302	-1.64184	-1.64181	-1.64181	-1.64179
	-1.70276	-1.70154	-1.70151	-1.70151	-1.70149
	-1.76251	-1.76124	-1.76121	-1.76121	-1.76119
	-1.82226	-1.82095	-1.82092	-1.82092	-1.82089
	-1.882	-1.88065	-1.88062	-1.88062	-1.8806
	-1.94175	-1.94035	-1.94032	-1.94032	-1.9403
	-2.0015	-2.00006	-2.00002	-2.00002	-2
	-2.06124	-2.05976	-2.05972	-2.05973	-2.0597
	-2.12099	-2.11946	-2.11943	-2.11943	-2.1194
	-2.18074	-2.17916	-2.17913	-2.17913	-2.1791
	-2.24049	-2.23887	-2.23883	-2.23883	-2.23881
	-2.30023	-2.29857	-2.29853	-2.29853	-2.29851
	-2.35998	-2.35827	-2.35823	-2.35824	-2.35821
	-2.41973	-2.41798	-2.41794	-2.41794	-2.41791
	-2.47948	-2.47768	-2.47764	-2.47764	-2.47761
	-2.53922	-2.53738	-2.53734	-2.53734	-2.53731
	-2.59897	-2.59709	-2.59704	-2.59705	-2.59702
	-2.65872	-2.65679	-2.65675	-2.65675	-2.65672
	-2.71846	-2.71649	-2.71645	-2.71645	-2.71642
	-2.77821	-2.7762	-2.77615	-2.77615	-2.77612
	-2.83796	-2.8359	-2.83585	-2.83586	-2.83582
	-2.8977	-2.89561	-2.89556	-2.89556	-2.89553
	-2.95745	-2.95531	-2.95526	-2.95526	-2.95523
	-3.0172	-3.01501	-3.01496	-3.01496	-3.01493
	-3.07694	-3.07472	-3.07466	-3.07466	-3.07463
	-3.13669	-3.13442	-3.13437	-3.13437	-3.13433
	-3.19644	-3.19412	-3.19407	-3.19407	-3.19404
	-3.25619	-3.25383	-3.25377	-3.25377	-3.25374
	-3.31594	-3.31353	-3.31347	-3.31347	-3.31344
	-3.37568	-3.37323	-3.37317	-3.37318	-3.37314
	-3.43543	-3.43294	-3.43288	-3.43288	-3.43284
	-3.49518	-3.49264	-3.49258	-3.49258	-3.49255
	-3.55493	-3.55235	-3.55228	-3.55228	-3.55225
	-3.61468	-3.61205	-3.61198	-3.61199	-3.61195
	-3.67442	-3.67175	-3.67169	-3.67169	-3.67165
	-3.73417	-3.73146	-3.73139	-3.73139	-3.73136
	-3.79392	-3.79116	-3.79109	-3.79109	-3.79106
	-3.85367	-3.85086	-3.85079	-3.8508	-3.85076
	-3.91342	-3.91057	-3.9105	-3.9105	-3.91046
	-3.97317	-3.97027	-3.9702	-3.9702	-3.97016
	-4.03292	-4.02998	-4.02991	-4.02991	-4.02987
	-4.09267	-4.08968	-4.08961	-4.08961	-4.08957
	-4.15242	-4.14939	-4.14931	-4.14932	-4.14928
	-4.21217	-4.2091	-4.20902	-4.20902	-4.20898
	-4.27192	-4.26881	-4.26873	-4.26873	-4.26869
	-4.33168	-4.32852	-4.32844	-4.32844	-4.3284
	-4.39144	-4.38823	-4.38815	-4.38815	-4.38811
	-4.4512	-4.44795	-4.44787	-4.44787	-4.44783
	-4.51097	-4.50768	-4.50759	-4.5076	-4.50756
	-4.57075	-4.56742	-4.56733	-4.56733	-4.56729
	-4.63055	-4.62718	-4.62708	-4.62709	-4.62705
	-4.69037	-4.68695	-4.68686	-4.68686	-4.68682
	-4.75022	-4.74676	-4.74667	-4.74667	-4.74663
	-4.81012	-4.80662	-4.80652	-4.80653	-4.80649
	-4.87009	-4.86655	-4.86645	-4.86645	-4.86641
	-4.93017	-4.92658	-4.92648	-4.92648	-4.92644
	-4.99039	-4.98676	-4.98665	-4.98666	-4.98661
	-5.05083	-5.04715	-5.04705	-5.04705	-5.04701
	-5.1116	-5.10787	-5.10777	-5.10777	-5.10773
	-5.17285	-5.16908	-5.16897	-5.16897	-5.16893
	-5.23483	-5.23101	-5.2309	-5.23091	-5.23086
	-5.29793	-5.29406	-5.29395	-5.29396	-5.29391
	-5.36279	-5.35886	-5.35875	-5.35876	-5.35871
	-5.43044	-5.42645	-5.42634	-5.42634	-5.4263
	-5.50263	-5.49858	-5.49847	-5.49847	-5.49843
	-5.5824	-5.57829	-5.57818	-5.57818	-5.57813
	-5.6751	-5.67092	-5.6708	-5.6708	-5.67076
	-5.79047	-5.78621	-5.7861	-5.7861	-5.78605
	-5.94563	-5.94131	-5.94119	-5.94119	-5.94115
	-6.16681	-6.16244	-6.16232	-6.16232	-6.16228
	-6.5009	-6.49652	-6.4964	-6.4964	-6.49636
	-7.08046	-7.07612	-7.07601	-7.07601	-7.07596
	-8.00336	-7.99911	-7.999	-7.999	-7.99896
	-0.0299084	-0.0298564	-0.0298528	-0.0298519	-0.0298512
	-0.0896806	-0.0895632	-0.089556	-0.0895546	-0.089553
	-0.149431	-0.149267	-0.149258	-0.149257	-0.149254
	-0.209178	-0.208971	-0.20896	-0.208959	-0.208956
	-0.268924	-0.268674	-0.268661	-0.268661	-0.268657
	-0.328668	-0.328377	-0.328363	-0.328363	-0.328358
	-0.388411	-0.38808	-0.388065	-0.388065	-0.388059
	-0.448154	-0.447784	-0.447767	-0.447767	-0.447761
	-0.507896	-0.507487	-0.507469	-0.507469	-0.507462
	-0.567638	-0.567189	-0.567171	-0.567171	-0.567163
	-0.62738	-0.626892	-0.626874	-0.626873	-0.626864
	-0.687122	-0.686595	-0.686576	-0.686575	-0.686566
	-0.746864	-0.746297	-0.746278	-0.746277	-0.746267
	-0.806606	-0.806	-0.80598	-0.805979	-0.805968
	-0.866347	-0.865702	-0.865682	-0.865681	-0.86567
	-0.926089	-0.925404	-0.925384	-0.925383	-0.925371
	-0.985831	-0.985107	-0.985086	-0.985085	-0.985072
	-1.04557	-1.04481	-1.04479	-1.04479	-1.04477
	-1.10532	-1.10451	-1.10449	-1.10449	-1.10447
	-1.16506	-1.16421	-1.16419	-1.16419	-1.16418
	-1.2248	-1.22392	-1.22389	-1.22389	-1.22388
	-1.28454	-1.28362	-1.2836	-1.2836	-1.28358
	-1.34429	-1.34332	-1.3433	-1.3433	-1.34328
	-1.40403	-1.40302	-1.403	-1.403	-1.40298
	-1.46378	-1.46273	-1.4627	-1.4627	-1.46268
	-1.52352	-1.52243	-1.52241	-1.52241	-1.52238
	-1.58327	-1.58213	-1.58211	-1.58211	-1.58209
	-1.64302	-1.64184	-1.64181	-1.64181	-1.64179
	-1.70276	-1.70154	-1.70151	-1.70151	-1.70149
	-1.76251	-1.76124	-1.76121	-1.76121	-1.76119
	-1.82225	-1.82095	-1.82092	-1.82092	-1.82089
	-1.882	-1.88065	-1.88062	-1.88062	-1.8806
	-1.94175	-1.94035	-1.94032	-1.94032	-1.9403
	-2.00149	-2.00005	-2.00002	-2.00002	-2
	-2.06124	-2.05976	-2.05972	-2.05973	-2.0597
	-2.12099	-2.11946	-2.11943	-2.11943	-2.1194
	-2.18074	-2.17916	-2.17913	-2.17913	-2.1791
	-2.24048	-2.23887	-2.23883	-2.23883	-2.23881
	-2.30023	-2.29857	-2.29853	-2.29853	-2.29851
	-2.35998	-2.35827	-2.35823	-2.35824	-2.35821
	-2.41973	-2.41798	-2.41794	-2.41794	-2.41791
	-2.47947	-2.47768	-2.47764	-2.47764	-2.47761
	-2.53922	-2.53738	-2.53734	-2.53734	-2.53731
	-2.59897	-2.59709	-2.59704	-2.59705	-2.59702
	-2.65871	-2.65679	-2.65675	-2.65675	-2.65672
	-2.71846	-2.71649	-2.71645	-2.71645	-2.71642
	-2.77821	-2.7762	-2.77615	-2.77615	-2.77612
	-2.83796	-2.8359	-2.83585	-2.83586	-2.83582
	-2.8977	-2.8956	-2.89556	-2.89556	-2.89553
	-2.95745	-2.95531	-2.95526	-2.95526	-2.95523
	-3.0172	-3.01501	-3.01496	-3.01496	-3.01493
	-3.07694	-3.07472	-3.07466	-3.07466	-3.07463
	-3.13669	-3.13442	-3.13437	-3.13437	-3.13433
	-3.19644	-3.19412	-3.19407	-3.19407	-3.19404
	-3.25619	-3.25383	-3.25377	-3.25377	-3.25374
	-3.31593	-3.31353	-3.31347	-3.31347	-3.31344
	-3.37568	-3.37323	-3.37317	-3.37318	-3.37314
	-3.43543	-3.43294	-3.43288	-3.43288	-3.43284
	-3.49518	-3.49264	-3.49258	-3.49258	-3.49255
	-3.55493	-3.55234	-3.55228	-3.55228	-3.55225
	-3.61468	-3.61205	-3.61198	-3.61199	-3.61195
	-3.67442	-3.67175	-3.67169	-3.67169	-3.67165
	-3.73417	-3.73146	-3.73139	-3.73139	-3.73135
	-3.79392	-3.79116	-3.79109	-3.79109	-3.79106
	-3.85367	-3.85086	-3.85079	-3.8508	-3.85076
	-3.91342	-3.91057	-3.9105	-3.9105	-3.91046
	-3.97317	-3.97027	-3.9702	-3.9702	-3.97016
	-4.03291	-4.02998	-4.0299	-4.0299	-4.02987
	-4.09266	-4.08968	-4.08961	-4.08961	-4.08957
	-4.15241	-4.14939	-4.14931	-4.14931	-4.14927
	-4.21216	-4.20909	-4.20901	-4.20901	-4.20897
	-4.27191	-4.2688	-4.26872	-4.26872	-4.26868
	-4.33166	-4.3285	-4.32842	-4.32842	-4.32838
	-4.39141	-4.38821	-4.38813	-4.38813	-4.38809
	-4.45117	-4.44792	-4.44784	-4.44784	-4.4478
	-4.51092	-4.50763	-4.50755	-4.50755	-4.50751
	-4.57068	-4.56735	-4.56726	-4.56726	-4.56722
	-4.63045	-4.62707	-4.62698	-4.62698	-4.62694
	-4.69022	-4.6868	-4.68671	-4.68671	-4.68667
	-4.75001	-4.74655	-4.74645	-4.74646	-4.74641
	-4.80981	-4.80631	-4.80621	-4.80621	-4.80617
	-4.86964	-4.86609	-4.86599	-4.866	-4.86595
	-4.9295	-4.92591	-4.92581	-4.92581	-4.92577
	-4.98941	-4.98578	-4.98568	-4.98568	-4.98564
	-5.0494	-5.04572	-5.04562	-5.04562	-5.04558
	-5.10949	-5.10577	-5.10567	-5.10567	-5.10563
	-5.16974	-5.16597	-5.16587	-5.16587	-5.16583
	-5.23023	-5.22641	-5.2263	-5.22631	-5.22626
	-5.29108	-5.28721	-5.2871	-5.28711	-5.28706
	-5.35254	-5.34861	-5.3485	-5.3485	-5.34846
	-5.41505	-5.41106	-5.41095	-5.41095	-5.41091
	-5.47951	-5.47545	-5.47534	-5.47534	-5.47529
	-5.54779	-5.54365	-5.54353	-5.54353	-5.54349
	-5.62398	-5.61976	-5.61964	-5.61964	-5.6196
	-5.71748	-5.71316	-5.71305	-5.71305	-5.713
	-5.84838	-5.84399	-5.84386	-5.84386	-5.84382
	-6.0556	-6.05115	-6.05103	-6.05103	-6.05098
	-6.44934	-6.44487	-6.44475	-6.44475	-6.44471
	-7.46608	-7.46166	-7.46154	-7.46154	-7.4615
	-9.78126	-9.77692	-9.77681	-9.77681	-9.77676
