	0.14934	0.149252	0.149251	0.149253	0.149253
	0.149345	0.149253	0.149252	0.149253	0.149253
	0.14935	0.149253	0.149252	0.149253	0.149253
	0.149353	0.149254	0.149252	0.149253	0.149253
	0.149356	0.149255	0.149253	0.149253	0.149253
	0.149358	0.149255	0.149253	0.149253	0.149253
	0.14936	0.149255	0.149253	0.149253	0.149253
	0.149362	0.149256	0.149253	0.149253	0.149253
	0.149364	0.149256	0.149253	0.149253	0.149253
	0.149366	0.149256	0.149253	0.149253	0.149253
	0.149367	0.149257	0.149254	0.149254	0.149253
	0.149368	0.149257	0.149254	0.149254	0.149253
	0.149369	0.149257	0.149254	0.149254	0.149253
	0.14937	0.149257	0.149254	0.149254	0.149253
	0.149371	0.149258	0.149254	0.149254	0.149253
	0.149372	0.149258	0.149254	0.149254	0.149253
	0.149372	0.149258	0.149254	0.149254	0.149253
	0.149373	0.149258	0.149254	0.149254	0.149254
	0.149373	0.149258	0.149255	0.149254	0.149254
	0.149373	0.149259	0.149255	0.149254	0.149254
	0.149373	0.149259	0.149255	0.149254	0.149254
	0.149373	0.149259	0.149255	0.149254	0.149254
	0.149373	0.149259	0.149255	0.149254	0.149254
	0.149372	0.149259	0.149255	0.149254	0.149254
	0.149372	0.149259	0.149255	0.149254	0.149254
	0.149371	0.149259	0.149255	0.149254	0.149254
	0.149371	0.149259	0.149255	0.149254	0.149254
	0.149371	0.149259	0.149255	0.149254	0.149254
	0.14937	0.149259	0.149255	0.149254	0.149254
	0.14937	0.149259	0.149255	0.149254	0.149254
	0.149369	0.149259	0.149255	0.149254	0.149254
	0.149369	0.149259	0.149255	0.149254	0.149254
	0.149368	0.149259	0.149255	0.149254	0.149254
	0.149368	0.149259	0.149255	0.149254	0.149254
	0.149368	0.149259	0.149255	0.149254	0.149254
	0.149368	0.149259	0.149255	0.149254	0.149254
	0.149367	0.149259	0.149255	0.149254	0.149254
	0.149367	0.149259	0.149255	0.149254	0.149254
	0.149367	0.149259	0.149255	0.149254	0.149254
	0.149367	0.149258	0.149255	0.149254	0.149254
	0.149367	0.149258	0.149255	0.149254	0.149254
	0.149367	0.149258	0.149255	0.149254	0.149254
	0.149367	0.149258	0.149255	0.149254	0.149254
	0.149366	0.149258	0.149255	0.149254	0.149254
	0.149366	0.149258	0.149255	0.149254	0.149254
	0.149366	0.149258	0.149255	0.149254	0.149254
	0.149366	0.149258	0.149255	0.149254	0.149254
	0.149366	0.149258	0.149255	0.149254	0.149254
	0.149365	0.149258	0.149254	0.149254	0.149254
	0.149365	0.149258	0.149254	0.149254	0.149254
	0.149365	0.149258	0.149254	0.149254	0.149254
	0.149365	0.149258	0.149254	0.149254	0.149254
	0.149364	0.149258	0.149254	0.149254	0.149254
	0.149364	0.149258	0.149254	0.149254	0.149254
	0.149364	0.149258	0.149254	0.149254	0.149254
	0.149364	0.149258	0.149254	0.149254	0.149254
	0.149364	0.149258	0.149254	0.149254	0.149254
	0.149364	0.149258	0.149254	0.149254	0.149254
	0.149364	0.149258	0.149254	0.149254	0.149254
	0.149364	0.149258	0.149254	0.149254	0.149254
	0.149364	0.149258	0.149254	0.149254	0.149254
	0.149364	0.149258	0.149254	0.149254	0.149254
	0.149364	0.149258	0.149254	0.149254	0.149254
	0.149365	0.149258	0.149255	0.149254	0.149254
	0.149365	0.149258	0.149255	0.149254	0.149254
	0.149365	0.149258	0.149255	0.149255	0.149254
	0.149366	0.149259	0.149255	0.149255	0.149255
	0.149367	0.149259	0.149256	0.149255	0.149255
	0.149368	0.14926	0.149256	0.149256	0.149256
	0.149369	0.149261	0.149257	0.149257	0.149257
	0.149371	0.149262	0.149259	0.149258	0.149258
	0.149373	0.149264	0.149261	0.14926	0.14926
	0.149376	0.149267	0.149264	0.149263	0.149263
	0.149381	0.149271	0.149268	0.149268	0.149267
	0.149387	0.149278	0.149274	0.149274	0.149274
	0.149396	0.149287	0.149283	0.149283	0.149283
	0.149409	0.1493	0.149296	0.149296	0.149295
	0.149428	0.149318	0.149315	0.149314	0.149314
	0.149456	0.149345	0.149342	0.149341	0.149341
	0.149495	0.149385	0.149381	0.149381	0.14938
	0.149552	0.149442	0.149438	0.149437	0.149437
	0.149635	0.149524	0.149521	0.14952	0.14952
	0.149755	0.149645	0.149641	0.14964	0.14964
	0.149931	0.14982	0.149816	0.149816	0.149815
	0.150187	0.150076	0.150072	0.150072	0.150071
	0.150563	0.150451	0.150447	0.150447	0.150447
	0.151116	0.151004	0.151001	0.151	0.151
	0.151937	0.151825	0.151821	0.151821	0.15182
	0.153165	0.153052	0.153048	0.153048	0.153048
	0.155021	0.154908	0.154904	0.154903	0.154903
	0.157865	0.157751	0.157748	0.157747	0.157747
	0.162294	0.162181	0.162177	0.162176	0.162176
	0.16933	0.16922	0.169216	0.169215	0.169215
	0.180765	0.18066	0.180656	0.180656	0.180656
	0.199723	0.199627	0.199624	0.199624	0.199624
	0.23179	0.23171	0.231708	0.231707	0.231707
	0.288865	0.288806	0.288805	0.288804	0.288804
	0.395971	0.395938	0.395937	0.395937	0.395937
	0.560406	0.560397	0.560397	0.560396	0.560396
	0.6574	0.6574	0.6574	0.6574	0.6574
	0.418143	0.417906	0.417904	0.417907	0.417908
	0.418153	0.417907	0.417905	0.417908	0.417908
	0.418162	0.417909	0.417906	0.417908	0.417909
	0.41817	0.41791	0.417907	0.417908	0.417909
	0.418177	0.417911	0.417907	0.417909	0.417909
	0.418184	0.417913	0.417908	0.417909	0.417909
	0.418189	0.417914	0.417908	0.417909	0.417909
	0.418195	0.417915	0.417908	0.417909	0.417909
	0.418199	0.417916	0.417909	0.417909	0.417909
	0.418204	0.417917	0.417909	0.417909	0.417909
	0.418208	0.417917	0.41791	0.41791	0.417909
	0.418211	0.417918	0.41791	0.41791	0.417909
	0.418214	0.417919	0.41791	0.41791	0.417909
	0.418217	0.41792	0.417911	0.41791	0.41791
	0.418219	0.41792	0.417911	0.41791	0.41791
	0.418221	0.417921	0.417911	0.41791	0.41791
	0.418223	0.417922	0.417912	0.417911	0.41791
	0.418224	0.417922	0.417912	0.417911	0.41791
	0.418224	0.417923	0.417912	0.417911	0.41791
	0.418225	0.417923	0.417913	0.417911	0.41791
	0.418225	0.417923	0.417913	0.417911	0.41791
	0.418224	0.417924	0.417913	0.417911	0.41791
	0.418224	0.417924	0.417913	0.417911	0.41791
	0.418223	0.417924	0.417913	0.417911	0.41791
	0.418222	0.417924	0.417914	0.417912	0.41791
	0.418221	0.417925	0.417914	0.417912	0.41791
	0.41822	0.417925	0.417914	0.417912	0.417911
	0.418219	0.417925	0.417914	0.417912	0.417911
	0.418217	0.417925	0.417914	0.417912	0.417911
	0.418216	0.417925	0.417914	0.417912	0.417911
	0.418215	0.417925	0.417914	0.417912	0.417911
	0.418214	0.417924	0.417914	0.417912	0.417911
	0.418213	0.417924	0.417914	0.417912	0.417911
	0.418212	0.417924	0.417914	0.417912	0.417911
	0.418212	0.417924	0.417914	0.417912	0.417911
	0.418211	0.417924	0.417914	0.417912	0.417911
	0.418211	0.417923	0.417914	0.417912	0.417911
	0.41821	0.417923	0.417913	0.417912	0.417911
	0.41821	0.417923	0.417913	0.417912	0.417911
	0.418209	0.417923	0.417913	0.417912	0.417911
	0.418209	0.417922	0.417913	0.417912	0.417911
	0.418208	0.417922	0.417913	0.417912	0.417911
	0.418208	0.417922	0.417913	0.417912	0.417911
	0.418207	0.417922	0.417913	0.417912	0.417911
	0.418207	0.417921	0.417913	0.417912	0.417911
	0.418206	0.417921	0.417912	0.417912	0.417911
	0.418205	0.417921	0.417912	0.417912	0.417911
	0.418205	0.417921	0.417912	0.417912	0.417911
	0.418204	0.417921	0.417912	0.417911	0.417911
	0.418203	0.417921	0.417912	0.417911	0.417911
	0.418203	0.417921	0.417912	0.417911	0.417911
	0.418202	0.417921	0.417912	0.417911	0.417911
	0.418201	0.417921	0.417912	0.417911	0.417911
	0.418201	0.417921	0.417912	0.417911	0.417911
	0.4182	0.41792	0.417912	0.417911	0.417911
	0.4182	0.41792	0.417912	0.417911	0.417911
	0.4182	0.41792	0.417912	0.417911	0.417911
	0.4182	0.41792	0.417912	0.417911	0.417911
	0.4182	0.41792	0.417912	0.417911	0.417911
	0.4182	0.41792	0.417912	0.417911	0.417911
	0.4182	0.41792	0.417912	0.417911	0.417911
	0.4182	0.417921	0.417912	0.417911	0.417911
	0.418201	0.417921	0.417912	0.417911	0.417911
	0.418202	0.417921	0.417912	0.417912	0.417911
	0.418203	0.417921	0.417913	0.417912	0.417912
	0.418204	0.417922	0.417913	0.417913	0.417912
	0.418206	0.417923	0.417914	0.417914	0.417913
	0.418208	0.417924	0.417915	0.417915	0.417914
	0.418211	0.417926	0.417917	0.417916	0.417916
	0.418214	0.417928	0.41792	0.417919	0.417919
	0.418219	0.417932	0.417924	0.417923	0.417922
	0.418225	0.417938	0.417929	0.417928	0.417928
	0.418234	0.417946	0.417937	0.417936	0.417936
	0.418246	0.417957	0.417948	0.417947	0.417947
	0.418263	0.417974	0.417965	0.417964	0.417964
	0.418287	0.417998	0.417988	0.417988	0.417987
	0.418322	0.418032	0.418023	0.418022	0.418022
	0.418373	0.418082	0.418073	0.418072	0.418072
	0.418445	0.418155	0.418145	0.418144	0.418144
	0.418551	0.41826	0.41825	0.418249	0.418249
	0.418704	0.418412	0.418403	0.418402	0.418402
	0.418926	0.418634	0.418625	0.418623	0.418623
	0.419248	0.418956	0.418947	0.418946	0.418945
	0.419718	0.419426	0.419416	0.419415	0.419415
	0.420404	0.420112	0.420102	0.420101	0.420101
	0.421409	0.421116	0.421106	0.421105	0.421104
	0.422884	0.42259	0.422581	0.422579	0.422579
	0.42506	0.424765	0.424756	0.424754	0.424754
	0.428283	0.427989	0.427979	0.427978	0.427977
	0.433086	0.432792	0.432782	0.432781	0.43278
	0.440282	0.43999	0.439981	0.43998	0.439979
	0.45113	0.450843	0.450834	0.450833	0.450832
	0.46757	0.467292	0.467283	0.467282	0.467282
	0.492569	0.492307	0.492299	0.492297	0.492297
	0.530495	0.530258	0.530251	0.53025	0.530249
	0.587414	0.587213	0.587207	0.587206	0.587205
	0.671787	0.671634	0.671629	0.671629	0.671628
	0.792917	0.79282	0.792817	0.792816	0.792816
	0.930181	0.930138	0.930137	0.930136	0.930136
	0.969163	0.969153	0.969153	0.969152	0.969152
	0.657029	0.656708	0.656708	0.656712	0.656713
	0.65704	0.65671	0.656708	0.656712	0.656713
	0.657052	0.656712	0.656709	0.656713	0.656714
	0.657062	0.656714	0.65671	0.656713	0.656714
	0.657072	0.656716	0.656711	0.656713	0.656714
	0.657081	0.656717	0.656711	0.656714	0.656714
	0.657089	0.656719	0.656712	0.656714	0.656714
	0.657097	0.65672	0.656713	0.656714	0.656714
	0.657104	0.656722	0.656713	0.656714	0.656714
	0.657111	0.656723	0.656714	0.656715	0.656715
	0.657117	0.656724	0.656715	0.656715	0.656715
	0.657122	0.656726	0.656715	0.656715	0.656715
	0.657127	0.656727	0.656716	0.656715	0.656715
	0.657131	0.656728	0.656716	0.656716	0.656715
	0.657134	0.656729	0.656717	0.656716	0.656715
	0.657137	0.65673	0.656717	0.656716	0.656715
	0.657139	0.656731	0.656718	0.656716	0.656715
	0.657141	0.656732	0.656718	0.656717	0.656716
	0.657142	0.656732	0.656718	0.656717	0.656716
	0.657143	0.656733	0.656719	0.656717	0.656716
	0.657143	0.656734	0.656719	0.656717	0.656716
	0.657142	0.656734	0.65672	0.656717	0.656716
	0.657141	0.656735	0.65672	0.656718	0.656716
	0.65714	0.656735	0.65672	0.656718	0.656716
	0.657139	0.656735	0.65672	0.656718	0.656716
	0.657137	0.656736	0.656721	0.656718	0.656716
	0.657136	0.656736	0.656721	0.656718	0.656716
	0.657134	0.656736	0.656721	0.656718	0.656717
	0.657132	0.656736	0.656721	0.656718	0.656717
	0.657131	0.656736	0.656721	0.656718	0.656717
	0.657129	0.656735	0.656721	0.656719	0.656717
	0.657128	0.656735	0.656721	0.656719	0.656717
	0.657126	0.656735	0.656721	0.656719	0.656717
	0.657125	0.656735	0.656721	0.656719	0.656717
	0.657124	0.656734	0.656721	0.656719	0.656717
	0.657123	0.656734	0.656721	0.656719	0.656717
	0.657122	0.656734	0.656721	0.656719	0.656717
	0.657122	0.656733	0.65672	0.656719	0.656717
	0.657121	0.656733	0.65672	0.656719	0.656717
	0.65712	0.656732	0.65672	0.656718	0.656717
	0.657119	0.656732	0.65672	0.656718	0.656717
	0.657119	0.656732	0.65672	0.656718	0.656717
	0.657118	0.656731	0.656719	0.656718	0.656717
	0.657117	0.656731	0.656719	0.656718	0.656717
	0.657116	0.656731	0.656719	0.656718	0.656717
	0.657115	0.656731	0.656719	0.656718	0.656717
	0.657114	0.65673	0.656719	0.656718	0.656717
	0.657113	0.65673	0.656719	0.656718	0.656717
	0.657112	0.65673	0.656719	0.656718	0.656717
	0.657111	0.65673	0.656718	0.656718	0.656717
	0.65711	0.65673	0.656718	0.656717	0.656717
	0.657109	0.65673	0.656718	0.656717	0.656717
	0.657108	0.656729	0.656718	0.656717	0.656717
	0.657107	0.656729	0.656718	0.656717	0.656717
	0.657106	0.656729	0.656718	0.656717	0.656716
	0.657106	0.656729	0.656718	0.656717	0.656716
	0.657105	0.656729	0.656718	0.656717	0.656716
	0.657105	0.656729	0.656718	0.656717	0.656716
	0.657105	0.656729	0.656718	0.656717	0.656716
	0.657105	0.656729	0.656718	0.656717	0.656717
	0.657106	0.656729	0.656718	0.656717	0.656717
	0.657106	0.656729	0.656718	0.656717	0.656717
	0.657107	0.656729	0.656718	0.656718	0.656717
	0.657108	0.65673	0.656719	0.656718	0.656717
	0.65711	0.65673	0.656719	0.656718	0.656718
	0.657112	0.656731	0.65672	0.656719	0.656719
	0.657114	0.656732	0.656721	0.65672	0.65672
	0.657117	0.656734	0.656723	0.656722	0.656721
	0.657121	0.656736	0.656725	0.656724	0.656724
	0.657125	0.65674	0.656729	0.656728	0.656727
	0.657132	0.656745	0.656734	0.656733	0.656732
	0.65714	0.656752	0.656741	0.65674	0.65674
	0.657152	0.656763	0.656751	0.65675	0.65675
	0.657168	0.656778	0.656766	0.656765	0.656765
	0.657191	0.6568	0.656788	0.656787	0.656787
	0.657224	0.656832	0.65682	0.656819	0.656819
	0.65727	0.656878	0.656866	0.656865	0.656865
	0.657338	0.656945	0.656933	0.656932	0.656931
	0.657435	0.657042	0.657029	0.657028	0.657028
	0.657575	0.657182	0.657169	0.657168	0.657168
	0.657779	0.657385	0.657372	0.657371	0.657371
	0.658074	0.657679	0.657667	0.657665	0.657665
	0.658502	0.658107	0.658095	0.658093	0.658093
	0.659124	0.65873	0.658717	0.658715	0.658715
	0.66003	0.659635	0.659622	0.65962	0.65962
	0.661349	0.660954	0.660941	0.660939	0.660939
	0.663273	0.662878	0.662865	0.662864	0.662863
	0.666084	0.665689	0.665676	0.665674	0.665674
	0.670194	0.6698	0.669787	0.669785	0.669785
	0.676206	0.675814	0.675802	0.6758	0.675799
	0.684999	0.684611	0.684599	0.684597	0.684596
	0.697825	0.697446	0.697434	0.697432	0.697432
	0.716438	0.716073	0.716062	0.71606	0.716059
	0.743166	0.742823	0.742812	0.74281	0.74281
	0.780798	0.780487	0.780478	0.780476	0.780476
	0.831952	0.831686	0.831678	0.831676	0.831676
	0.897508	0.8973	0.897294	0.897293	0.897292
	0.972267	0.972127	0.972123	0.972122	0.972122
	1.03145	1.03138	1.03138	1.03138	1.03138
	1.02399	1.02397	1.02397	1.02397	1.02397
	0.865972	0.865659	0.865661	0.865666	0.865668
	0.865984	0.865661	0.865661	0.865666	0.865668
	0.865996	0.865663	0.865662	0.865667	0.865668
	0.866007	0.865665	0.865663	0.865667	0.865668
	0.866018	0.865667	0.865664	0.865668	0.865669
	0.866028	0.865668	0.865665	0.865668	0.865669
	0.866038	0.86567	0.865665	0.865668	0.865669
	0.866047	0.865672	0.865666	0.865668	0.865669
	0.866055	0.865674	0.865667	0.865669	0.865669
	0.866063	0.865675	0.865668	0.865669	0.865669
	0.86607	0.865677	0.865668	0.865669	0.865669
	0.866077	0.865679	0.865669	0.86567	0.86567
	0.866083	0.86568	0.86567	0.86567	0.86567
	0.866088	0.865681	0.86567	0.86567	0.86567
	0.866092	0.865683	0.865671	0.865671	0.86567
	0.866095	0.865684	0.865672	0.865671	0.86567
	0.866098	0.865685	0.865672	0.865671	0.86567
	0.8661	0.865686	0.865673	0.865671	0.86567
	0.866102	0.865687	0.865673	0.865672	0.865671
	0.866102	0.865688	0.865674	0.865672	0.865671
	0.866103	0.865689	0.865674	0.865672	0.865671
	0.866102	0.865689	0.865675	0.865672	0.865671
	0.866101	0.86569	0.865675	0.865673	0.865671
	0.8661	0.86569	0.865675	0.865673	0.865671
	0.866098	0.865691	0.865676	0.865673	0.865671
	0.866096	0.865691	0.865676	0.865673	0.865671
	0.866094	0.865691	0.865676	0.865673	0.865672
	0.866092	0.865691	0.865676	0.865674	0.865672
	0.86609	0.865691	0.865676	0.865674	0.865672
	0.866088	0.865691	0.865676	0.865674	0.865672
	0.866086	0.865691	0.865677	0.865674	0.865672
	0.866085	0.865691	0.865677	0.865674	0.865672
	0.866083	0.86569	0.865676	0.865674	0.865672
	0.866082	0.86569	0.865676	0.865674	0.865672
	0.86608	0.86569	0.865676	0.865674	0.865672
	0.866079	0.865689	0.865676	0.865674	0.865672
	0.866078	0.865689	0.865676	0.865674	0.865672
	0.866077	0.865688	0.865676	0.865674	0.865672
	0.866076	0.865688	0.865676	0.865674	0.865672
	0.866075	0.865687	0.865675	0.865674	0.865672
	0.866074	0.865687	0.865675	0.865674	0.865672
	0.866073	0.865686	0.865675	0.865674	0.865672
	0.866072	0.865686	0.865675	0.865674	0.865672
	0.866071	0.865686	0.865674	0.865673	0.865672
	0.86607	0.865685	0.865674	0.865673	0.865672
	0.866069	0.865685	0.865674	0.865673	0.865672
	0.866068	0.865685	0.865674	0.865673	0.865672
	0.866067	0.865684	0.865674	0.865673	0.865672
	0.866065	0.865684	0.865673	0.865673	0.865672
	0.866064	0.865684	0.865673	0.865673	0.865672
	0.866063	0.865684	0.865673	0.865673	0.865672
	0.866061	0.865684	0.865673	0.865673	0.865672
	0.86606	0.865683	0.865673	0.865672	0.865672
	0.866059	0.865683	0.865673	0.865672	0.865672
	0.866058	0.865683	0.865673	0.865672	0.865672
	0.866057	0.865683	0.865673	0.865672	0.865672
	0.866057	0.865683	0.865673	0.865672	0.865672
	0.866057	0.865683	0.865673	0.865672	0.865672
	0.866056	0.865683	0.865673	0.865672	0.865672
	0.866057	0.865683	0.865673	0.865672	0.865672
	0.866057	0.865683	0.865673	0.865672	0.865672
	0.866058	0.865683	0.865673	0.865672	0.865672
	0.866059	0.865683	0.865673	0.865673	0.865672
	0.86606	0.865683	0.865673	0.865673	0.865672
	0.866062	0.865684	0.865674	0.865673	0.865673
	0.866064	0.865685	0.865675	0.865674	0.865674
	0.866066	0.865686	0.865676	0.865675	0.865675
	0.86607	0.865688	0.865677	0.865677	0.865676
	0.866073	0.86569	0.86568	0.865679	0.865679
	0.866078	0.865693	0.865683	0.865682	0.865682
	0.866085	0.865698	0.865688	0.865687	0.865687
	0.866094	0.865706	0.865695	0.865694	0.865694
	0.866105	0.865716	0.865705	0.865705	0.865704
	0.866121	0.865731	0.86572	0.865719	0.865719
	0.866144	0.865753	0.865741	0.865741	0.865741
	0.866176	0.865784	0.865773	0.865772	0.865772
	0.866222	0.865829	0.865818	0.865817	0.865817
	0.866288	0.865894	0.865883	0.865882	0.865882
	0.866383	0.865989	0.865977	0.865976	0.865976
	0.86652	0.866126	0.866114	0.866113	0.866113
	0.866719	0.866324	0.866312	0.866311	0.866311
	0.867006	0.866611	0.866599	0.866597	0.866597
	0.867421	0.867026	0.867014	0.867012	0.867012
	0.868022	0.867627	0.867615	0.867614	0.867613
	0.868892	0.868497	0.868485	0.868484	0.868483
	0.870151	0.869756	0.869744	0.869742	0.869742
	0.871969	0.871575	0.871562	0.871561	0.87156
	0.87459	0.874197	0.874185	0.874183	0.874183
	0.878358	0.877967	0.877955	0.877953	0.877953
	0.883749	0.883361	0.883349	0.883347	0.883347
	0.891405	0.891024	0.891012	0.89101	0.89101
	0.902163	0.90179	0.901779	0.901777	0.901777
	0.917028	0.91667	0.916659	0.916657	0.916657
	0.937053	0.936717	0.936707	0.936705	0.936705
	0.962966	0.962661	0.962651	0.96265	0.962649
	0.994337	0.994073	0.994065	0.994064	0.994064
	1.02794	1.02773	1.02773	1.02772	1.02772
	1.05475	1.05461	1.0546	1.0546	1.0546
	1.05834	1.05826	1.05826	1.05826	1.05826
	1.02857	1.02854	1.02854	1.02854	1.02854
	1.04497	1.04476	1.04476	1.04477	1.04477
	1.04498	1.04476	1.04476	1.04477	1.04477
	1.04499	1.04476	1.04477	1.04477	1.04477
	1.045	1.04476	1.04477	1.04477	1.04477
	1.04501	1.04476	1.04477	1.04477	1.04477
	1.04502	1.04477	1.04477	1.04477	1.04477
	1.04503	1.04477	1.04477	1.04477	1.04477
	1.04504	1.04477	1.04477	1.04477	1.04477
	1.04505	1.04477	1.04477	1.04477	1.04477
	1.04506	1.04477	1.04477	1.04477	1.04477
	1.04507	1.04478	1.04477	1.04477	1.04477
	1.04508	1.04478	1.04477	1.04477	1.04477
	1.04508	1.04478	1.04477	1.04477	1.04477
	1.04509	1.04478	1.04477	1.04477	1.04477
	1.04509	1.04478	1.04477	1.04477	1.04477
	1.0451	1.04478	1.04477	1.04477	1.04477
	1.0451	1.04478	1.04478	1.04478	1.04477
	1.0451	1.04479	1.04478	1.04478	1.04477
	1.0451	1.04479	1.04478	1.04478	1.04477
	1.0451	1.04479	1.04478	1.04478	1.04478
	1.0451	1.04479	1.04478	1.04478	1.04478
	1.0451	1.04479	1.04478	1.04478	1.04478
	1.0451	1.04479	1.04478	1.04478	1.04478
	1.0451	1.04479	1.04478	1.04478	1.04478
	1.0451	1.04479	1.04478	1.04478	1.04478
	1.0451	1.04479	1.04478	1.04478	1.04478
	1.0451	1.04479	1.04478	1.04478	1.04478
	1.04509	1.04479	1.04478	1.04478	1.04478
	1.04509	1.04479	1.04478	1.04478	1.04478
	1.04509	1.04479	1.04478	1.04478	1.04478
	1.04509	1.04479	1.04478	1.04478	1.04478
	1.04508	1.04479	1.04478	1.04478	1.04478
	1.04508	1.04479	1.04478	1.04478	1.04478
	1.04508	1.04479	1.04478	1.04478	1.04478
	1.04508	1.04479	1.04478	1.04478	1.04478
	1.04508	1.04479	1.04478	1.04478	1.04478
	1.04508	1.04479	1.04478	1.04478	1.04478
	1.04508	1.04479	1.04478	1.04478	1.04478
	1.04508	1.04479	1.04478	1.04478	1.04478
	1.04507	1.04479	1.04478	1.04478	1.04478
	1.04507	1.04479	1.04478	1.04478	1.04478
	1.04507	1.04479	1.04478	1.04478	1.04478
	1.04507	1.04479	1.04478	1.04478	1.04478
	1.04507	1.04479	1.04478	1.04478	1.04478
	1.04507	1.04478	1.04478	1.04478	1.04478
	1.04507	1.04478	1.04478	1.04478	1.04478
	1.04507	1.04478	1.04478	1.04478	1.04478
	1.04506	1.04478	1.04478	1.04478	1.04478
	1.04506	1.04478	1.04478	1.04478	1.04478
	1.04506	1.04478	1.04478	1.04478	1.04478
	1.04506	1.04478	1.04478	1.04478	1.04478
	1.04506	1.04478	1.04478	1.04478	1.04478
	1.04506	1.04478	1.04478	1.04478	1.04478
	1.04506	1.04478	1.04478	1.04478	1.04478
	1.04506	1.04478	1.04478	1.04478	1.04478
	1.04505	1.04478	1.04478	1.04478	1.04478
	1.04505	1.04478	1.04478	1.04478	1.04478
	1.04505	1.04478	1.04478	1.04478	1.04478
	1.04505	1.04478	1.04478	1.04478	1.04478
	1.04505	1.04478	1.04478	1.04478	1.04478
	1.04505	1.04478	1.04478	1.04478	1.04478
	1.04505	1.04478	1.04478	1.04478	1.04478
	1.04506	1.04478	1.04478	1.04478	1.04478
	1.04506	1.04478	1.04478	1.04478	1.04478
	1.04506	1.04478	1.04478	1.04478	1.04478
	1.04506	1.04478	1.04478	1.04478	1.04478
	1.04506	1.04478	1.04478	1.04478	1.04478
	1.04507	1.04479	1.04478	1.04478	1.04478
	1.04507	1.04479	1.04478	1.04478	1.04478
	1.04507	1.04479	1.04478	1.04478	1.04478
	1.04508	1.04479	1.04479	1.04479	1.04479
	1.04509	1.0448	1.04479	1.04479	1.04479
	1.04509	1.04481	1.0448	1.0448	1.0448
	1.04511	1.04482	1.04481	1.04481	1.04481
	1.04512	1.04483	1.04483	1.04483	1.04483
	1.04515	1.04486	1.04485	1.04485	1.04485
	1.04518	1.04489	1.04488	1.04488	1.04488
	1.04523	1.04493	1.04493	1.04493	1.04493
	1.0453	1.045	1.04499	1.04499	1.04499
	1.04539	1.0451	1.04509	1.04509	1.04509
	1.04554	1.04524	1.04523	1.04523	1.04523
	1.04574	1.04545	1.04544	1.04544	1.04544
	1.04603	1.04574	1.04573	1.04573	1.04573
	1.04646	1.04616	1.04615	1.04615	1.04615
	1.04706	1.04677	1.04676	1.04676	1.04676
	1.04793	1.04764	1.04763	1.04763	1.04763
	1.04917	1.04888	1.04887	1.04887	1.04887
	1.05091	1.05062	1.05061	1.05061	1.05061
	1.05336	1.05307	1.05306	1.05306	1.05306
	1.05674	1.05646	1.05645	1.05645	1.05645
	1.06134	1.06107	1.06106	1.06106	1.06106
	1.06743	1.06716	1.06715	1.06715	1.06715
	1.07519	1.07493	1.07492	1.07492	1.07492
	1.08448	1.08424	1.08424	1.08423	1.08423
	1.09452	1.0943	1.09429	1.09429	1.09429
	1.10319	1.103	1.10299	1.10299	1.10299
	1.1062	1.10605	1.10604	1.10604	1.10604
	1.09592	1.0958	1.0958	1.0958	1.0958
	1.06535	1.06529	1.06529	1.06529	1.06529
	1.02531	1.02529	1.02529	1.02529	1.02529
	1.19404	1.19401	1.19402	1.19402	1.19403
	1.19405	1.19401	1.19402	1.19402	1.19403
	1.19406	1.19401	1.19402	1.19402	1.19403
	1.19407	1.19401	1.19402	1.19402	1.19403
	1.19408	1.19401	1.19402	1.19402	1.19403
	1.19409	1.19401	1.19402	1.19403	1.19403
	1.1941	1.19401	1.19402	1.19403	1.19403
	1.19411	1.19402	1.19402	1.19403	1.19403
	1.19412	1.19402	1.19402	1.19403	1.19403
	1.19413	1.19402	1.19402	1.19403	1.19403
	1.19413	1.19402	1.19402	1.19403	1.19403
	1.19414	1.19402	1.19402	1.19403	1.19403
	1.19415	1.19402	1.19402	1.19403	1.19403
	1.19415	1.19403	1.19403	1.19403	1.19403
	1.19416	1.19403	1.19403	1.19403	1.19403
	1.19416	1.19403	1.19403	1.19403	1.19403
	1.19416	1.19403	1.19403	1.19403	1.19403
	1.19417	1.19403	1.19403	1.19403	1.19403
	1.19417	1.19403	1.19403	1.19403	1.19403
	1.19417	1.19403	1.19403	1.19403	1.19403
	1.19417	1.19403	1.19403	1.19403	1.19403
	1.19417	1.19403	1.19403	1.19403	1.19403
	1.19417	1.19404	1.19403	1.19403	1.19403
	1.19416	1.19404	1.19403	1.19403	1.19403
	1.19416	1.19404	1.19403	1.19403	1.19403
	1.19416	1.19404	1.19403	1.19403	1.19403
	1.19416	1.19404	1.19403	1.19403	1.19403
	1.19416	1.19404	1.19403	1.19403	1.19403
	1.19415	1.19404	1.19403	1.19403	1.19403
	1.19415	1.19404	1.19403	1.19403	1.19403
	1.19415	1.19404	1.19403	1.19403	1.19403
	1.19415	1.19404	1.19403	1.19403	1.19403
	1.19415	1.19404	1.19403	1.19403	1.19403
	1.19415	1.19404	1.19403	1.19403	1.19403
	1.19414	1.19404	1.19403	1.19403	1.19403
	1.19414	1.19403	1.19403	1.19403	1.19403
	1.19414	1.19403	1.19403	1.19403	1.19403
	1.19414	1.19403	1.19403	1.19403	1.19403
	1.19414	1.19403	1.19403	1.19403	1.19403
	1.19414	1.19403	1.19403	1.19403	1.19403
	1.19414	1.19403	1.19403	1.19403	1.19403
	1.19414	1.19403	1.19403	1.19403	1.19403
	1.19413	1.19403	1.19403	1.19403	1.19403
	1.19413	1.19403	1.19403	1.19403	1.19403
	1.19413	1.19403	1.19403	1.19403	1.19403
	1.19413	1.19403	1.19403	1.19403	1.19403
	1.19413	1.19403	1.19403	1.19403	1.19403
	1.19413	1.19403	1.19403	1.19403	1.19403
	1.19413	1.19403	1.19403	1.19403	1.19403
	1.19413	1.19403	1.19403	1.19403	1.19403
	1.19412	1.19403	1.19403	1.19403	1.19403
	1.19412	1.19403	1.19403	1.19403	1.19403
	1.19412	1.19403	1.19403	1.19403	1.19403
	1.19412	1.19403	1.19403	1.19403	1.19403
	1.19412	1.19403	1.19403	1.19403	1.19403
	1.19412	1.19403	1.19403	1.19403	1.19403
	1.19412	1.19403	1.19403	1.19403	1.19403
	1.19412	1.19403	1.19403	1.19403	1.19403
	1.19412	1.19403	1.19403	1.19403	1.19403
	1.19412	1.19403	1.19403	1.19403	1.19403
	1.19412	1.19403	1.19403	1.19403	1.19403
	1.19412	1.19403	1.19403	1.19403	1.19403
	1.19412	1.19403	1.19403	1.19403	1.19403
	1.19412	1.19403	1.19403	1.19403	1.19403
	1.19412	1.19403	1.19403	1.19403	1.19403
	1.19412	1.19403	1.19403	1.19403	1.19403
	1.19412	1.19403	1.19403	1.19403	1.19403
	1.19413	1.19403	1.19403	1.19403	1.19403
	1.19413	1.19403	1.19403	1.19403	1.19403
	1.19413	1.19403	1.19403	1.19403	1.19403
	1.19413	1.19403	1.19403	1.19403	1.19403
	1.19414	1.19403	1.19403	1.19403	1.19404
	1.19414	1.19404	1.19404	1.19404	1.19404
	1.19415	1.19404	1.19404	1.19404	1.19404
	1.19415	1.19405	1.19404	1.19405	1.19405
	1.19416	1.19405	1.19405	1.19405	1.19405
	1.19417	1.19406	1.19406	1.19406	1.19407
	1.19419	1.19408	1.19408	1.19408	1.19408
	1.19421	1.1941	1.1941	1.1941	1.1941
	1.19425	1.19414	1.19414	1.19414	1.19414
	1.19429	1.19418	1.19418	1.19418	1.19418
	1.19436	1.19425	1.19425	1.19425	1.19425
	1.19446	1.19435	1.19434	1.19435	1.19435
	1.19459	1.19448	1.19448	1.19448	1.19448
	1.19478	1.19467	1.19466	1.19467	1.19467
	1.19503	1.19492	1.19492	1.19492	1.19492
	1.19537	1.19526	1.19526	1.19526	1.19526
	1.19581	1.1957	1.1957	1.1957	1.1957
	1.19635	1.19625	1.19625	1.19625	1.19625
	1.19696	1.19686	1.19686	1.19686	1.19686
	1.19754	1.19745	1.19744	1.19744	1.19744
	1.19784	1.19775	1.19774	1.19775	1.19775
	1.19735	1.19726	1.19726	1.19726	1.19726
	1.1951	1.19501	1.19501	1.19501	1.19501
	1.18942	1.18934	1.18934	1.18934	1.18934
	1.17765	1.17759	1.17759	1.17759	1.17759
	1.15594	1.15588	1.15588	1.15588	1.15588
	1.11936	1.11932	1.11931	1.11931	1.11931
	1.06793	1.06791	1.0679	1.0679	1.0679
	1.02244	1.02243	1.02243	1.02243	1.02243
	1.31323	1.3134	1.31342	1.31343	1.31343
	1.31324	1.3134	1.31342	1.31343	1.31343
	1.31324	1.31341	1.31342	1.31343	1.31343
	1.31325	1.31341	1.31342	1.31343	1.31343
	1.31326	1.31341	1.31342	1.31343	1.31343
	1.31327	1.31341	1.31342	1.31343	1.31343
	1.31327	1.31341	1.31342	1.31343	1.31343
	1.31328	1.31341	1.31342	1.31343	1.31343
	1.31329	1.31341	1.31342	1.31343	1.31343
	1.3133	1.31341	1.31342	1.31343	1.31343
	1.3133	1.31342	1.31343	1.31343	1.31343
	1.31331	1.31342	1.31343	1.31343	1.31343
	1.31331	1.31342	1.31343	1.31343	1.31343
	1.31332	1.31342	1.31343	1.31343	1.31343
	1.31332	1.31342	1.31343	1.31343	1.31343
	1.31333	1.31342	1.31343	1.31343	1.31343
	1.31333	1.31342	1.31343	1.31343	1.31343
	1.31333	1.31342	1.31343	1.31343	1.31343
	1.31333	1.31343	1.31343	1.31343	1.31343
	1.31333	1.31343	1.31343	1.31343	1.31343
	1.31333	1.31343	1.31343	1.31343	1.31343
	1.31333	1.31343	1.31343	1.31343	1.31343
	1.31333	1.31343	1.31343	1.31343	1.31343
	1.31333	1.31343	1.31343	1.31343	1.31343
	1.31333	1.31343	1.31343	1.31343	1.31343
	1.31333	1.31343	1.31343	1.31343	1.31343
	1.31332	1.31343	1.31343	1.31343	1.31343
	1.31332	1.31343	1.31343	1.31343	1.31343
	1.31332	1.31343	1.31343	1.31343	1.31343
	1.31332	1.31343	1.31343	1.31343	1.31343
	1.31332	1.31343	1.31343	1.31343	1.31343
	1.31331	1.31343	1.31343	1.31343	1.31343
	1.31331	1.31343	1.31343	1.31343	1.31343
	1.31331	1.31343	1.31343	1.31343	1.31343
	1.31331	1.31343	1.31343	1.31343	1.31343
	1.31331	1.31343	1.31343	1.31343	1.31343
	1.31331	1.31343	1.31343	1.31343	1.31343
	1.31331	1.31343	1.31343	1.31343	1.31343
	1.31331	1.31343	1.31343	1.31343	1.31343
	1.3133	1.31343	1.31343	1.31343	1.31343
	1.3133	1.31343	1.31343	1.31343	1.31343
	1.3133	1.31343	1.31343	1.31343	1.31343
	1.3133	1.31342	1.31343	1.31343	1.31343
	1.3133	1.31342	1.31343	1.31343	1.31343
	1.3133	1.31342	1.31343	1.31343	1.31343
	1.3133	1.31342	1.31343	1.31343	1.31343
	1.3133	1.31342	1.31343	1.31343	1.31343
	1.3133	1.31342	1.31343	1.31343	1.31343
	1.31329	1.31342	1.31343	1.31343	1.31343
	1.31329	1.31342	1.31343	1.31343	1.31343
	1.31329	1.31342	1.31343	1.31343	1.31343
	1.31329	1.31342	1.31343	1.31343	1.31343
	1.31329	1.31342	1.31343	1.31343	1.31343
	1.31329	1.31342	1.31343	1.31343	1.31343
	1.31329	1.31342	1.31343	1.31343	1.31343
	1.31329	1.31342	1.31343	1.31343	1.31343
	1.31329	1.31342	1.31343	1.31343	1.31343
	1.31329	1.31342	1.31343	1.31343	1.31343
	1.31329	1.31342	1.31343	1.31343	1.31343
	1.31329	1.31342	1.31343	1.31343	1.31343
	1.31329	1.31342	1.31343	1.31343	1.31343
	1.31329	1.31342	1.31343	1.31343	1.31343
	1.31329	1.31342	1.31343	1.31343	1.31343
	1.31329	1.31342	1.31343	1.31343	1.31343
	1.31329	1.31342	1.31343	1.31343	1.31343
	1.31329	1.31342	1.31343	1.31343	1.31343
	1.31329	1.31342	1.31343	1.31343	1.31343
	1.31329	1.31342	1.31343	1.31343	1.31343
	1.31329	1.31342	1.31343	1.31343	1.31343
	1.31329	1.31342	1.31343	1.31343	1.31343
	1.31329	1.31342	1.31342	1.31343	1.31343
	1.31329	1.31341	1.31342	1.31342	1.31343
	1.31329	1.31341	1.31342	1.31342	1.31342
	1.31329	1.31341	1.31341	1.31342	1.31342
	1.31328	1.3134	1.31341	1.31341	1.31341
	1.31327	1.31339	1.3134	1.3134	1.3134
	1.31326	1.31338	1.31338	1.31339	1.31339
	1.31324	1.31335	1.31336	1.31336	1.31336
	1.31321	1.31332	1.31333	1.31333	1.31333
	1.31316	1.31328	1.31329	1.31329	1.31329
	1.3131	1.31322	1.31322	1.31322	1.31322
	1.313	1.31312	1.31313	1.31313	1.31313
	1.31286	1.31298	1.31299	1.31299	1.31299
	1.31266	1.31278	1.31278	1.31279	1.31279
	1.31235	1.31247	1.31248	1.31248	1.31248
	1.3119	1.31202	1.31203	1.31203	1.31203
	1.31123	1.31135	1.31136	1.31136	1.31136
	1.31022	1.31034	1.31035	1.31035	1.31035
	1.30869	1.30881	1.30882	1.30882	1.30882
	1.30636	1.30648	1.30649	1.30649	1.30649
	1.3028	1.30293	1.30293	1.30293	1.30293
	1.29736	1.29748	1.29748	1.29749	1.29749
	1.28902	1.28914	1.28915	1.28915	1.28915
	1.27634	1.27645	1.27646	1.27646	1.27646
	1.25725	1.25735	1.25735	1.25735	1.25735
	1.22913	1.22922	1.22922	1.22922	1.22922
	1.18906	1.18913	1.18913	1.18913	1.18913
	1.13456	1.1346	1.1346	1.1346	1.1346
	1.07005	1.07007	1.07007	1.07007	1.07007
	1.02098	1.02098	1.02098	1.02098	1.02098
	1.40257	1.40295	1.40297	1.40298	1.40298
	1.40257	1.40295	1.40297	1.40298	1.40298
	1.40258	1.40295	1.40297	1.40298	1.40298
	1.40258	1.40295	1.40297	1.40298	1.40298
	1.40259	1.40296	1.40298	1.40298	1.40298
	1.4026	1.40296	1.40298	1.40298	1.40298
	1.4026	1.40296	1.40298	1.40298	1.40298
	1.40261	1.40296	1.40298	1.40298	1.40298
	1.40261	1.40296	1.40298	1.40298	1.40298
	1.40262	1.40296	1.40298	1.40298	1.40298
	1.40262	1.40296	1.40298	1.40298	1.40298
	1.40263	1.40296	1.40298	1.40298	1.40298
	1.40263	1.40296	1.40298	1.40298	1.40298
	1.40264	1.40296	1.40298	1.40298	1.40298
	1.40264	1.40296	1.40298	1.40298	1.40298
	1.40264	1.40297	1.40298	1.40298	1.40298
	1.40264	1.40297	1.40298	1.40298	1.40298
	1.40264	1.40297	1.40298	1.40298	1.40298
	1.40264	1.40297	1.40298	1.40298	1.40298
	1.40264	1.40297	1.40298	1.40298	1.40298
	1.40264	1.40297	1.40298	1.40298	1.40298
	1.40264	1.40297	1.40298	1.40298	1.40298
	1.40264	1.40297	1.40298	1.40298	1.40298
	1.40264	1.40297	1.40298	1.40299	1.40298
	1.40264	1.40297	1.40298	1.40299	1.40298
	1.40264	1.40297	1.40298	1.40299	1.40298
	1.40264	1.40297	1.40298	1.40299	1.40298
	1.40263	1.40297	1.40298	1.40299	1.40298
	1.40263	1.40297	1.40298	1.40299	1.40298
	1.40263	1.40297	1.40298	1.40299	1.40298
	1.40263	1.40297	1.40298	1.40299	1.40298
	1.40263	1.40297	1.40298	1.40299	1.40298
	1.40263	1.40297	1.40298	1.40299	1.40299
	1.40263	1.40297	1.40298	1.40299	1.40299
	1.40263	1.40297	1.40298	1.40299	1.40299
	1.40262	1.40297	1.40298	1.40299	1.40299
	1.40262	1.40297	1.40298	1.40299	1.40299
	1.40262	1.40297	1.40298	1.40299	1.40299
	1.40262	1.40297	1.40298	1.40299	1.40299
	1.40262	1.40297	1.40298	1.40299	1.40299
	1.40262	1.40297	1.40298	1.40299	1.40299
	1.40262	1.40297	1.40298	1.40299	1.40299
	1.40262	1.40297	1.40298	1.40299	1.40299
	1.40262	1.40297	1.40298	1.40299	1.40299
	1.40262	1.40297	1.40298	1.40299	1.40299
	1.40262	1.40297	1.40298	1.40299	1.40299
	1.40262	1.40297	1.40298	1.40299	1.40299
	1.40261	1.40297	1.40298	1.40299	1.40299
	1.40261	1.40297	1.40298	1.40299	1.40299
	1.40261	1.40297	1.40298	1.40299	1.40299
	1.40261	1.40297	1.40298	1.40299	1.40298
	1.40261	1.40297	1.40298	1.40299	1.40298
	1.40261	1.40297	1.40298	1.40299	1.40298
	1.40261	1.40297	1.40298	1.40298	1.40298
	1.40261	1.40297	1.40298	1.40298	1.40298
	1.40261	1.40296	1.40298	1.40298	1.40298
	1.40261	1.40296	1.40298	1.40298	1.40298
	1.40261	1.40296	1.40298	1.40298	1.40298
	1.40261	1.40296	1.40298	1.40298	1.40298
	1.40261	1.40296	1.40298	1.40298	1.40298
	1.40261	1.40296	1.40298	1.40298	1.40298
	1.40261	1.40296	1.40298	1.40298	1.40298
	1.40261	1.40296	1.40298	1.40298	1.40298
	1.40261	1.40296	1.40298	1.40298	1.40298
	1.40261	1.40296	1.40298	1.40298	1.40298
	1.40261	1.40296	1.40298	1.40298	1.40298
	1.40261	1.40296	1.40298	1.40298	1.40298
	1.40261	1.40296	1.40298	1.40298	1.40298
	1.40261	1.40296	1.40297	1.40298	1.40298
	1.4026	1.40296	1.40297	1.40297	1.40298
	1.4026	1.40295	1.40297	1.40297	1.40297
	1.4026	1.40294	1.40296	1.40296	1.40296
	1.40259	1.40294	1.40295	1.40296	1.40296
	1.40258	1.40292	1.40294	1.40294	1.40294
	1.40256	1.4029	1.40292	1.40292	1.40292
	1.40253	1.40288	1.40289	1.4029	1.4029
	1.40249	1.40284	1.40285	1.40286	1.40286
	1.40244	1.40278	1.4028	1.4028	1.4028
	1.40236	1.4027	1.40271	1.40272	1.40272
	1.40224	1.40258	1.4026	1.4026	1.4026
	1.40206	1.40241	1.40242	1.40243	1.40243
	1.40181	1.40216	1.40217	1.40217	1.40218
	1.40145	1.40179	1.40181	1.40181	1.40181
	1.40092	1.40127	1.40128	1.40128	1.40128
	1.40015	1.4005	1.40051	1.40052	1.40052
	1.39904	1.39939	1.3994	1.3994	1.3994
	1.39742	1.39777	1.39778	1.39779	1.39779
	1.39507	1.39542	1.39543	1.39544	1.39544
	1.39166	1.39201	1.39202	1.39203	1.39203
	1.38671	1.38706	1.38707	1.38708	1.38708
	1.37956	1.3799	1.37991	1.37991	1.37991
	1.36924	1.36957	1.36958	1.36959	1.36959
	1.35445	1.35477	1.35478	1.35479	1.35479
	1.33346	1.33377	1.33378	1.33378	1.33378
	1.30412	1.3044	1.30441	1.30441	1.30441
	1.26408	1.26431	1.26432	1.26432	1.26432
	1.21126	1.21145	1.21146	1.21146	1.21146
	1.14496	1.14509	1.14509	1.14509	1.14509
	1.07214	1.0722	1.0722	1.0722	1.0722
	1.02048	1.02049	1.02049	1.02049	1.02049
	1.46211	1.46265	1.46268	1.46268	1.46268
	1.46211	1.46265	1.46268	1.46268	1.46268
	1.46211	1.46265	1.46268	1.46268	1.46268
	1.46212	1.46266	1.46268	1.46268	1.46268
	1.46212	1.46266	1.46268	1.46268	1.46268
	1.46212	1.46266	1.46268	1.46268	1.46268
	1.46213	1.46266	1.46268	1.46268	1.46268
	1.46213	1.46266	1.46268	1.46268	1.46268
	1.46213	1.46266	1.46268	1.46268	1.46268
	1.46214	1.46266	1.46268	1.46268	1.46268
	1.46214	1.46266	1.46268	1.46268	1.46268
	1.46214	1.46266	1.46268	1.46268	1.46268
	1.46215	1.46266	1.46268	1.46269	1.46269
	1.46215	1.46266	1.46268	1.46269	1.46269
	1.46215	1.46266	1.46268	1.46269	1.46269
	1.46215	1.46266	1.46268	1.46269	1.46269
	1.46215	1.46266	1.46268	1.46269	1.46269
	1.46215	1.46266	1.46268	1.46269	1.46269
	1.46215	1.46266	1.46268	1.46269	1.46269
	1.46215	1.46266	1.46268	1.46269	1.46269
	1.46215	1.46266	1.46268	1.46269	1.46269
	1.46215	1.46266	1.46268	1.46269	1.46269
	1.46215	1.46266	1.46268	1.46269	1.46269
	1.46215	1.46266	1.46268	1.46269	1.46269
	1.46215	1.46266	1.46268	1.46269	1.46269
	1.46215	1.46266	1.46268	1.46269	1.46269
	1.46215	1.46266	1.46268	1.46269	1.46269
	1.46214	1.46266	1.46268	1.46269	1.46269
	1.46214	1.46266	1.46268	1.46269	1.46269
	1.46214	1.46266	1.46268	1.46269	1.46269
	1.46214	1.46266	1.46268	1.46269	1.46269
	1.46214	1.46266	1.46268	1.46269	1.46269
	1.46214	1.46266	1.46268	1.46269	1.46269
	1.46214	1.46266	1.46268	1.46269	1.46269
	1.46214	1.46266	1.46268	1.46269	1.46269
	1.46214	1.46266	1.46268	1.46269	1.46269
	1.46214	1.46266	1.46268	1.46269	1.46269
	1.46214	1.46266	1.46268	1.46269	1.46269
	1.46214	1.46266	1.46268	1.46269	1.46269
	1.46214	1.46266	1.46268	1.46269	1.46269
	1.46213	1.46266	1.46268	1.46269	1.46269
	1.46213	1.46266	1.46268	1.46269	1.46269
	1.46213	1.46266	1.46268	1.46269	1.46269
	1.46213	1.46266	1.46268	1.46269	1.46269
	1.46213	1.46266	1.46268	1.46269	1.46269
	1.46213	1.46266	1.46268	1.46269	1.46269
	1.46213	1.46266	1.46268	1.46269	1.46269
	1.46213	1.46266	1.46268	1.46269	1.46269
	1.46213	1.46266	1.46268	1.46269	1.46269
	1.46213	1.46266	1.46268	1.46269	1.46269
	1.46213	1.46266	1.46268	1.46269	1.46269
	1.46213	1.46266	1.46268	1.46269	1.46269
	1.46213	1.46266	1.46268	1.46269	1.46269
	1.46213	1.46266	1.46268	1.46269	1.46269
	1.46213	1.46266	1.46268	1.46269	1.46269
	1.46213	1.46266	1.46268	1.46269	1.46269
	1.46213	1.46266	1.46268	1.46269	1.46269
	1.46213	1.46266	1.46268	1.46269	1.46269
	1.46213	1.46266	1.46268	1.46269	1.46269
	1.46213	1.46266	1.46268	1.46269	1.46269
	1.46213	1.46266	1.46268	1.46269	1.46269
	1.46213	1.46266	1.46268	1.46269	1.46269
	1.46213	1.46266	1.46268	1.46269	1.46269
	1.46213	1.46266	1.46268	1.46268	1.46268
	1.46212	1.46266	1.46268	1.46268	1.46268
	1.46212	1.46266	1.46268	1.46268	1.46268
	1.46212	1.46266	1.46268	1.46268	1.46268
	1.46212	1.46265	1.46267	1.46268	1.46268
	1.46212	1.46265	1.46267	1.46268	1.46268
	1.46212	1.46265	1.46267	1.46267	1.46267
	1.46211	1.46264	1.46266	1.46267	1.46267
	1.4621	1.46263	1.46265	1.46266	1.46266
	1.46209	1.46262	1.46264	1.46264	1.46264
	1.46207	1.4626	1.46262	1.46262	1.46262
	1.46204	1.46257	1.46259	1.4626	1.4626
	1.462	1.46253	1.46255	1.46255	1.46256
	1.46194	1.46247	1.46249	1.4625	1.4625
	1.46186	1.46239	1.46241	1.46241	1.46241
	1.46174	1.46226	1.46228	1.46229	1.46229
	1.46156	1.46209	1.46211	1.46211	1.46211
	1.4613	1.46183	1.46185	1.46185	1.46185
	1.46093	1.46146	1.46148	1.46148	1.46148
	1.46039	1.46092	1.46094	1.46094	1.46094
	1.45961	1.46014	1.46016	1.46016	1.46016
	1.45848	1.45901	1.45903	1.45904	1.45904
	1.45686	1.45739	1.45741	1.45742	1.45742
	1.45452	1.45505	1.45507	1.45508	1.45508
	1.45116	1.45169	1.45171	1.45172	1.45172
	1.44635	1.44687	1.44689	1.4469	1.4469
	1.43947	1.43999	1.44001	1.44001	1.44001
	1.42968	1.4302	1.43022	1.43022	1.43022
	1.41587	1.41638	1.4164	1.4164	1.4164
	1.39656	1.39705	1.39706	1.39707	1.39707
	1.36989	1.37035	1.37036	1.37037	1.37037
	1.33372	1.33414	1.33415	1.33415	1.33415
	1.28595	1.28631	1.28632	1.28633	1.28633
	1.22516	1.22544	1.22545	1.22545	1.22545
	1.15168	1.15187	1.15188	1.15188	1.15188
	1.07383	1.07393	1.07393	1.07393	1.07393
	1.02041	1.02043	1.02043	1.02043	1.02043
	1.49188	1.49251	1.49253	1.49254	1.49254
	1.49188	1.49251	1.49253	1.49254	1.49254
	1.49189	1.49251	1.49253	1.49254	1.49254
	1.49189	1.49251	1.49253	1.49254	1.49254
	1.49189	1.49251	1.49253	1.49254	1.49254
	1.49189	1.49251	1.49253	1.49254	1.49254
	1.49189	1.49251	1.49253	1.49254	1.49254
	1.49189	1.49251	1.49253	1.49254	1.49254
	1.49189	1.49251	1.49253	1.49254	1.49254
	1.49189	1.49251	1.49253	1.49254	1.49254
	1.49189	1.49251	1.49253	1.49254	1.49254
	1.49189	1.49251	1.49253	1.49254	1.49254
	1.49189	1.49251	1.49253	1.49254	1.49254
	1.49189	1.49251	1.49253	1.49254	1.49254
	1.4919	1.49251	1.49253	1.49254	1.49254
	1.4919	1.49251	1.49253	1.49254	1.49254
	1.49189	1.49251	1.49253	1.49254	1.49254
	1.49189	1.49251	1.49253	1.49254	1.49254
	1.49189	1.49251	1.49253	1.49254	1.49254
	1.49189	1.49251	1.49253	1.49254	1.49254
	1.49189	1.49251	1.49253	1.49254	1.49254
	1.49189	1.49251	1.49253	1.49254	1.49254
	1.49189	1.49251	1.49253	1.49254	1.49254
	1.49189	1.49251	1.49253	1.49254	1.49254
	1.49189	1.49251	1.49253	1.49254	1.49254
	1.49189	1.49251	1.49253	1.49254	1.49254
	1.49189	1.49251	1.49253	1.49254	1.49254
	1.49189	1.49251	1.49253	1.49254	1.49254
	1.49189	1.49251	1.49253	1.49254	1.49254
	1.49189	1.49251	1.49253	1.49254	1.49254
	1.49189	1.49251	1.49253	1.49254	1.49254
	1.49189	1.49251	1.49253	1.49254	1.49254
	1.49189	1.49251	1.49253	1.49254	1.49254
	1.49189	1.49251	1.49253	1.49254	1.49254
	1.49188	1.49251	1.49253	1.49254	1.49254
	1.49188	1.49251	1.49253	1.49254	1.49254
	1.49188	1.49251	1.49253	1.49254	1.49254
	1.49188	1.49251	1.49253	1.49254	1.49254
	1.49188	1.49251	1.49253	1.49254	1.49254
	1.49188	1.49251	1.49253	1.49254	1.49254
	1.49188	1.49251	1.49253	1.49254	1.49254
	1.49188	1.49251	1.49253	1.49254	1.49254
	1.49188	1.49251	1.49253	1.49254	1.49254
	1.49188	1.49251	1.49253	1.49254	1.49254
	1.49188	1.49251	1.49253	1.49254	1.49254
	1.49188	1.49251	1.49253	1.49254	1.49254
	1.49188	1.49251	1.49253	1.49254	1.49254
	1.49188	1.49251	1.49253	1.49254	1.49254
	1.49188	1.49251	1.49253	1.49254	1.49254
	1.49188	1.49251	1.49253	1.49254	1.49254
	1.49188	1.49251	1.49253	1.49254	1.49254
	1.49188	1.49251	1.49253	1.49254	1.49254
	1.49188	1.49251	1.49253	1.49254	1.49254
	1.49188	1.49251	1.49253	1.49254	1.49254
	1.49188	1.49251	1.49253	1.49254	1.49254
	1.49188	1.49251	1.49253	1.49254	1.49254
	1.49188	1.49251	1.49253	1.49254	1.49254
	1.49188	1.49251	1.49253	1.49254	1.49254
	1.49188	1.49251	1.49253	1.49254	1.49254
	1.49188	1.49251	1.49253	1.49254	1.49254
	1.49188	1.49251	1.49253	1.49254	1.49254
	1.49188	1.49251	1.49253	1.49254	1.49254
	1.49188	1.49251	1.49253	1.49254	1.49254
	1.49188	1.49251	1.49253	1.49254	1.49254
	1.49188	1.49251	1.49253	1.49253	1.49253
	1.49188	1.4925	1.49253	1.49253	1.49253
	1.49188	1.4925	1.49253	1.49253	1.49253
	1.49187	1.4925	1.49252	1.49253	1.49253
	1.49187	1.4925	1.49252	1.49253	1.49253
	1.49187	1.49249	1.49252	1.49252	1.49252
	1.49186	1.49248	1.49251	1.49251	1.49251
	1.49185	1.49247	1.4925	1.4925	1.4925
	1.49183	1.49246	1.49248	1.49249	1.49249
	1.49181	1.49243	1.49246	1.49246	1.49246
	1.49178	1.4924	1.49242	1.49243	1.49243
	1.49173	1.49235	1.49238	1.49238	1.49238
	1.49166	1.49228	1.49231	1.49231	1.49231
	1.49156	1.49218	1.49221	1.49221	1.49221
	1.49141	1.49204	1.49206	1.49207	1.49207
	1.4912	1.49183	1.49185	1.49186	1.49186
	1.4909	1.49153	1.49155	1.49155	1.49155
	1.49046	1.49109	1.49111	1.49111	1.49111
	1.48982	1.49045	1.49047	1.49048	1.49048
	1.48891	1.48954	1.48956	1.48956	1.48957
	1.48759	1.48822	1.48824	1.48825	1.48825
	1.48569	1.48632	1.48634	1.48635	1.48635
	1.48297	1.4836	1.48362	1.48362	1.48362
	1.47907	1.47969	1.47972	1.47972	1.47972
	1.4735	1.47412	1.47415	1.47415	1.47415
	1.46559	1.46621	1.46624	1.46624	1.46624
	1.45444	1.45505	1.45507	1.45507	1.45507
	1.43882	1.43942	1.43944	1.43944	1.43944
	1.41718	1.41776	1.41778	1.41778	1.41778
	1.38764	1.38818	1.3882	1.3882	1.3882
	1.34807	1.34856	1.34858	1.34858	1.34858
	1.29653	1.29695	1.29696	1.29697	1.29697
	1.23189	1.23223	1.23224	1.23224	1.23224
	1.15501	1.15524	1.15525	1.15525	1.15525
	1.07477	1.07489	1.07489	1.07489	1.07489
	1.02044	1.02047	1.02048	1.02048	1.02048
	1.49191	1.49252	1.49254	1.49254	1.49254
	1.49191	1.49252	1.49254	1.49254	1.49254
	1.49191	1.49252	1.49254	1.49254	1.49254
	1.49191	1.49252	1.49254	1.49254	1.49254
	1.49191	1.49252	1.49254	1.49254	1.49254
	1.49191	1.49252	1.49254	1.49254	1.49254
	1.49191	1.49251	1.49253	1.49254	1.49254
	1.4919	1.49251	1.49253	1.49254	1.49254
	1.4919	1.49251	1.49253	1.49254	1.49254
	1.4919	1.49251	1.49253	1.49254	1.49254
	1.4919	1.49251	1.49253	1.49254	1.49254
	1.4919	1.49251	1.49253	1.49254	1.49254
	1.4919	1.49251	1.49253	1.49254	1.49254
	1.4919	1.49251	1.49253	1.49254	1.49254
	1.49189	1.49251	1.49253	1.49254	1.49254
	1.49189	1.49251	1.49253	1.49254	1.49254
	1.49189	1.49251	1.49253	1.49254	1.49254
	1.49189	1.49251	1.49253	1.49254	1.49254
	1.49189	1.49251	1.49253	1.49254	1.49254
	1.49189	1.49251	1.49253	1.49254	1.49254
	1.49189	1.49251	1.49253	1.49254	1.49254
	1.49189	1.49251	1.49253	1.49254	1.49254
	1.49189	1.49251	1.49253	1.49254	1.49254
	1.49189	1.49251	1.49253	1.49254	1.49254
	1.49189	1.49251	1.49253	1.49254	1.49254
	1.49189	1.49251	1.49253	1.49254	1.49254
	1.49189	1.49251	1.49253	1.49254	1.49254
	1.49189	1.49251	1.49253	1.49254	1.49254
	1.49189	1.49251	1.49253	1.49254	1.49254
	1.49189	1.49251	1.49253	1.49254	1.49254
	1.49189	1.49251	1.49253	1.49254	1.49254
	1.49189	1.49251	1.49253	1.49254	1.49254
	1.49189	1.49251	1.49253	1.49254	1.49254
	1.49189	1.49251	1.49253	1.49254	1.49254
	1.49189	1.49251	1.49253	1.49254	1.49254
	1.49189	1.49251	1.49253	1.49254	1.49254
	1.49189	1.49251	1.49253	1.49254	1.49254
	1.49189	1.49251	1.49253	1.49254	1.49254
	1.49189	1.49251	1.49253	1.49254	1.49254
	1.49189	1.49251	1.49253	1.49254	1.49254
	1.49189	1.49251	1.49253	1.49254	1.49254
	1.49189	1.49251	1.49253	1.49254	1.49254
	1.49189	1.49251	1.49253	1.49254	1.49254
	1.49189	1.49251	1.49253	1.49254	1.49254
	1.49189	1.49251	1.49253	1.49254	1.49254
	1.49189	1.49251	1.49253	1.49254	1.49254
	1.49189	1.49251	1.49253	1.49254	1.49254
	1.49189	1.49251	1.49253	1.49254	1.49254
	1.49189	1.49251	1.49253	1.49254	1.49254
	1.49189	1.49251	1.49253	1.49254	1.49254
	1.49189	1.49251	1.49253	1.49254	1.49254
	1.49189	1.49251	1.49253	1.49254	1.49254
	1.49189	1.49251	1.49253	1.49254	1.49254
	1.49189	1.49251	1.49253	1.49254	1.49254
	1.49189	1.49251	1.49253	1.49254	1.49254
	1.49189	1.49251	1.49253	1.49254	1.49254
	1.49189	1.49251	1.49253	1.49254	1.49254
	1.49189	1.49251	1.49253	1.49254	1.49254
	1.49189	1.49251	1.49253	1.49254	1.49254
	1.49189	1.49251	1.49253	1.49254	1.49254
	1.49189	1.49251	1.49253	1.49254	1.49254
	1.49189	1.49251	1.49253	1.49254	1.49254
	1.49189	1.49251	1.49253	1.49254	1.49254
	1.49189	1.49251	1.49253	1.49254	1.49254
	1.49189	1.49251	1.49253	1.49253	1.49253
	1.49189	1.49251	1.49253	1.49253	1.49253
	1.49188	1.49251	1.49253	1.49253	1.49253
	1.49188	1.4925	1.49252	1.49253	1.49253
	1.49188	1.4925	1.49252	1.49253	1.49253
	1.49187	1.49249	1.49252	1.49252	1.49252
	1.49187	1.49249	1.49251	1.49251	1.49251
	1.49185	1.49248	1.4925	1.4925	1.4925
	1.49184	1.49246	1.49248	1.49249	1.49249
	1.49181	1.49244	1.49246	1.49246	1.49246
	1.49178	1.4924	1.49243	1.49243	1.49243
	1.49173	1.49236	1.49238	1.49238	1.49238
	1.49166	1.49229	1.49231	1.49231	1.49231
	1.49156	1.49219	1.49221	1.49221	1.49221
	1.49142	1.49204	1.49206	1.49207	1.49207
	1.49121	1.49183	1.49185	1.49186	1.49186
	1.4909	1.49153	1.49155	1.49155	1.49155
	1.49046	1.49109	1.49111	1.49111	1.49111
	1.48983	1.49045	1.49048	1.49048	1.49048
	1.48891	1.48954	1.48956	1.48956	1.48957
	1.48759	1.48822	1.48824	1.48825	1.48825
	1.4857	1.48632	1.48634	1.48635	1.48635
	1.48297	1.4836	1.48362	1.48362	1.48362
	1.47907	1.47969	1.47972	1.47972	1.47972
	1.4735	1.47413	1.47415	1.47415	1.47415
	1.4656	1.46622	1.46624	1.46624	1.46624
	1.45444	1.45505	1.45507	1.45507	1.45507
	1.43882	1.43942	1.43944	1.43944	1.43944
	1.41719	1.41776	1.41778	1.41778	1.41778
	1.38764	1.38818	1.3882	1.3882	1.3882
	1.34808	1.34856	1.34858	1.34858	1.34858
	1.29653	1.29695	1.29696	1.29697	1.29697
	1.2319	1.23223	1.23224	1.23224	1.23224
	1.15501	1.15524	1.15525	1.15525	1.15525
	1.07477	1.07489	1.07489	1.07489	1.07489
	1.02044	1.02047	1.02048	1.02048	1.02048
	1.4622	1.46268	1.46269	1.46269	1.46269
	1.46219	1.46268	1.46269	1.46269	1.46269
	1.46219	1.46268	1.46269	1.46269	1.46269
	1.46218	1.46268	1.46269	1.46269	1.46269
	1.46218	1.46268	1.46269	1.46269	1.46269
	1.46218	1.46267	1.46269	1.46269	1.46269
	1.46217	1.46267	1.46269	1.46269	1.46269
	1.46217	1.46267	1.46269	1.46269	1.46269
	1.46217	1.46267	1.46269	1.46269	1.46269
	1.46216	1.46267	1.46269	1.46269	1.46269
	1.46216	1.46267	1.46269	1.46269	1.46269
	1.46216	1.46267	1.46269	1.46269	1.46269
	1.46215	1.46267	1.46269	1.46269	1.46269
	1.46215	1.46267	1.46269	1.46269	1.46269
	1.46215	1.46267	1.46268	1.46269	1.46269
	1.46214	1.46267	1.46268	1.46269	1.46269
	1.46214	1.46267	1.46268	1.46269	1.46269
	1.46214	1.46267	1.46268	1.46269	1.46269
	1.46214	1.46266	1.46268	1.46269	1.46269
	1.46214	1.46266	1.46268	1.46269	1.46269
	1.46214	1.46266	1.46268	1.46269	1.46269
	1.46214	1.46266	1.46268	1.46269	1.46269
	1.46214	1.46266	1.46268	1.46269	1.46269
	1.46214	1.46266	1.46268	1.46269	1.46269
	1.46214	1.46266	1.46268	1.46269	1.46269
	1.46214	1.46266	1.46268	1.46269	1.46269
	1.46214	1.46266	1.46268	1.46269	1.46269
	1.46214	1.46266	1.46268	1.46269	1.46269
	1.46214	1.46266	1.46268	1.46269	1.46269
	1.46214	1.46266	1.46268	1.46269	1.46269
	1.46214	1.46266	1.46268	1.46269	1.46269
	1.46214	1.46266	1.46268	1.46269	1.46269
	1.46214	1.46266	1.46268	1.46269	1.46269
	1.46214	1.46266	1.46268	1.46269	1.46269
	1.46214	1.46266	1.46268	1.46269	1.46269
	1.46215	1.46266	1.46268	1.46269	1.46269
	1.46215	1.46266	1.46268	1.46269	1.46269
	1.46215	1.46266	1.46268	1.46269	1.46269
	1.46215	1.46266	1.46268	1.46269	1.46269
	1.46215	1.46266	1.46268	1.46269	1.46269
	1.46215	1.46266	1.46268	1.46269	1.46269
	1.46215	1.46266	1.46268	1.46269	1.46269
	1.46215	1.46266	1.46268	1.46269	1.46269
	1.46215	1.46266	1.46268	1.46269	1.46269
	1.46215	1.46266	1.46268	1.46269	1.46269
	1.46215	1.46267	1.46268	1.46269	1.46269
	1.46215	1.46267	1.46268	1.46269	1.46269
	1.46215	1.46267	1.46268	1.46269	1.46269
	1.46215	1.46267	1.46268	1.46269	1.46269
	1.46215	1.46267	1.46268	1.46269	1.46269
	1.46215	1.46267	1.46268	1.46269	1.46269
	1.46215	1.46267	1.46268	1.46269	1.46269
	1.46215	1.46267	1.46268	1.46269	1.46269
	1.46216	1.46267	1.46268	1.46269	1.46269
	1.46216	1.46267	1.46268	1.46269	1.46269
	1.46216	1.46267	1.46268	1.46269	1.46269
	1.46216	1.46267	1.46268	1.46269	1.46269
	1.46216	1.46267	1.46268	1.46269	1.46269
	1.46216	1.46267	1.46268	1.46269	1.46269
	1.46216	1.46267	1.46268	1.46269	1.46269
	1.46216	1.46267	1.46268	1.46269	1.46269
	1.46216	1.46267	1.46268	1.46269	1.46269
	1.46215	1.46267	1.46268	1.46269	1.46269
	1.46215	1.46267	1.46268	1.46269	1.46269
	1.46215	1.46266	1.46268	1.46269	1.46268
	1.46215	1.46266	1.46268	1.46268	1.46268
	1.46215	1.46266	1.46268	1.46268	1.46268
	1.46215	1.46266	1.46268	1.46268	1.46268
	1.46214	1.46266	1.46267	1.46268	1.46268
	1.46214	1.46265	1.46267	1.46267	1.46267
	1.46213	1.46265	1.46266	1.46267	1.46267
	1.46212	1.46264	1.46265	1.46266	1.46266
	1.46211	1.46262	1.46264	1.46264	1.46264
	1.46209	1.4626	1.46262	1.46262	1.46262
	1.46206	1.46258	1.46259	1.4626	1.4626
	1.46202	1.46254	1.46255	1.46256	1.46256
	1.46196	1.46248	1.46249	1.4625	1.4625
	1.46187	1.46239	1.46241	1.46241	1.46241
	1.46175	1.46227	1.46229	1.46229	1.46229
	1.46157	1.46209	1.46211	1.46211	1.46211
	1.46131	1.46183	1.46185	1.46185	1.46185
	1.46094	1.46146	1.46148	1.46148	1.46148
	1.4604	1.46092	1.46094	1.46094	1.46094
	1.45962	1.46014	1.46016	1.46016	1.46016
	1.4585	1.45902	1.45904	1.45904	1.45904
	1.45687	1.4574	1.45741	1.45742	1.45742
	1.45454	1.45506	1.45508	1.45508	1.45508
	1.45118	1.4517	1.45171	1.45172	1.45172
	1.44636	1.44688	1.44689	1.4469	1.4469
	1.43948	1.43999	1.44001	1.44001	1.44001
	1.42969	1.4302	1.43022	1.43022	1.43022
	1.41589	1.41638	1.4164	1.4164	1.4164
	1.39657	1.39705	1.39706	1.39707	1.39707
	1.3699	1.37035	1.37036	1.37037	1.37037
	1.33373	1.33414	1.33415	1.33415	1.33415
	1.28596	1.28631	1.28632	1.28633	1.28633
	1.22516	1.22544	1.22545	1.22545	1.22545
	1.15168	1.15187	1.15188	1.15188	1.15188
	1.07383	1.07393	1.07393	1.07393	1.07393
	1.02041	1.02043	1.02043	1.02043	1.02043
	1.40271	1.40299	1.40299	1.40299	1.40299
	1.4027	1.40299	1.40299	1.40299	1.40299
	1.40269	1.40299	1.40299	1.40299	1.40299
	1.40269	1.40299	1.40299	1.40299	1.40299
	1.40268	1.40299	1.40299	1.40299	1.40299
	1.40268	1.40299	1.40299	1.40299	1.40299
	1.40267	1.40298	1.40299	1.40299	1.40299
	1.40267	1.40298	1.40299	1.40299	1.40299
	1.40266	1.40298	1.40299	1.40299	1.40299
	1.40265	1.40298	1.40299	1.40299	1.40299
	1.40265	1.40298	1.40299	1.40299	1.40299
	1.40264	1.40298	1.40299	1.40299	1.40299
	1.40264	1.40298	1.40299	1.40299	1.40299
	1.40264	1.40298	1.40299	1.40299	1.40299
	1.40263	1.40298	1.40299	1.40299	1.40299
	1.40263	1.40297	1.40299	1.40299	1.40299
	1.40263	1.40297	1.40299	1.40299	1.40299
	1.40262	1.40297	1.40298	1.40299	1.40299
	1.40262	1.40297	1.40298	1.40299	1.40299
	1.40262	1.40297	1.40298	1.40299	1.40299
	1.40262	1.40297	1.40298	1.40299	1.40299
	1.40262	1.40297	1.40298	1.40299	1.40299
	1.40262	1.40297	1.40298	1.40299	1.40299
	1.40262	1.40297	1.40298	1.40299	1.40299
	1.40262	1.40297	1.40298	1.40299	1.40299
	1.40262	1.40297	1.40298	1.40299	1.40298
	1.40262	1.40297	1.40298	1.40299	1.40298
	1.40263	1.40297	1.40298	1.40299	1.40298
	1.40263	1.40297	1.40298	1.40299	1.40298
	1.40263	1.40297	1.40298	1.40299	1.40298
	1.40263	1.40297	1.40298	1.40299	1.40298
	1.40263	1.40297	1.40298	1.40299	1.40298
	1.40263	1.40297	1.40298	1.40299	1.40298
	1.40263	1.40297	1.40298	1.40299	1.40298
	1.40264	1.40297	1.40298	1.40299	1.40298
	1.40264	1.40297	1.40298	1.40299	1.40298
	1.40264	1.40297	1.40298	1.40299	1.40298
	1.40264	1.40297	1.40298	1.40299	1.40298
	1.40264	1.40297	1.40298	1.40299	1.40298
	1.40264	1.40297	1.40298	1.40299	1.40298
	1.40264	1.40297	1.40298	1.40299	1.40298
	1.40264	1.40297	1.40298	1.40299	1.40298
	1.40264	1.40297	1.40298	1.40299	1.40298
	1.40264	1.40297	1.40298	1.40299	1.40298
	1.40264	1.40297	1.40298	1.40299	1.40298
	1.40264	1.40297	1.40298	1.40299	1.40298
	1.40265	1.40297	1.40298	1.40299	1.40298
	1.40265	1.40297	1.40298	1.40299	1.40298
	1.40265	1.40297	1.40298	1.40299	1.40299
	1.40265	1.40297	1.40298	1.40299	1.40299
	1.40265	1.40297	1.40298	1.40299	1.40299
	1.40265	1.40297	1.40298	1.40299	1.40299
	1.40265	1.40297	1.40298	1.40299	1.40299
	1.40265	1.40297	1.40298	1.40299	1.40299
	1.40265	1.40297	1.40298	1.40299	1.40299
	1.40265	1.40297	1.40298	1.40299	1.40299
	1.40265	1.40297	1.40298	1.40299	1.40299
	1.40265	1.40297	1.40298	1.40299	1.40299
	1.40265	1.40297	1.40298	1.40299	1.40299
	1.40265	1.40297	1.40298	1.40299	1.40299
	1.40265	1.40297	1.40298	1.40299	1.40299
	1.40265	1.40297	1.40298	1.40299	1.40298
	1.40265	1.40297	1.40298	1.40299	1.40298
	1.40265	1.40297	1.40298	1.40299	1.40298
	1.40265	1.40297	1.40298	1.40298	1.40298
	1.40265	1.40297	1.40298	1.40298	1.40298
	1.40265	1.40297	1.40298	1.40298	1.40298
	1.40264	1.40297	1.40298	1.40298	1.40298
	1.40264	1.40297	1.40298	1.40298	1.40298
	1.40264	1.40297	1.40298	1.40298	1.40298
	1.40263	1.40296	1.40297	1.40297	1.40297
	1.40262	1.40296	1.40296	1.40297	1.40297
	1.40261	1.40295	1.40296	1.40296	1.40296
	1.4026	1.40293	1.40294	1.40294	1.40294
	1.40258	1.40291	1.40292	1.40293	1.40293
	1.40255	1.40289	1.4029	1.4029	1.4029
	1.40251	1.40285	1.40286	1.40286	1.40286
	1.40246	1.40279	1.4028	1.4028	1.4028
	1.40237	1.40271	1.40272	1.40272	1.40272
	1.40225	1.40259	1.4026	1.4026	1.4026
	1.40208	1.40242	1.40243	1.40243	1.40243
	1.40183	1.40216	1.40217	1.40218	1.40218
	1.40146	1.4018	1.40181	1.40181	1.40181
	1.40093	1.40127	1.40128	1.40128	1.40128
	1.40017	1.40051	1.40052	1.40052	1.40052
	1.39905	1.39939	1.3994	1.3994	1.3994
	1.39744	1.39777	1.39779	1.39779	1.39779
	1.39509	1.39543	1.39544	1.39544	1.39544
	1.39168	1.39201	1.39202	1.39203	1.39203
	1.38673	1.38707	1.38708	1.38708	1.38708
	1.37957	1.3799	1.37991	1.37992	1.37992
	1.36925	1.36958	1.36959	1.36959	1.36959
	1.35447	1.35478	1.35479	1.35479	1.35479
	1.33348	1.33377	1.33378	1.33378	1.33378
	1.30414	1.3044	1.30441	1.30441	1.30441
	1.26409	1.26432	1.26432	1.26432	1.26432
	1.21127	1.21145	1.21146	1.21146	1.21146
	1.14497	1.14509	1.14509	1.14509	1.14509
	1.07214	1.0722	1.0722	1.0722	1.0722
	1.02048	1.02049	1.02049	1.02049	1.02049
	1.31341	1.31345	1.31344	1.31344	1.31344
	1.3134	1.31345	1.31344	1.31344	1.31343
	1.31339	1.31345	1.31344	1.31344	1.31343
	1.31338	1.31345	1.31344	1.31344	1.31343
	1.31338	1.31345	1.31344	1.31344	1.31343
	1.31337	1.31345	1.31344	1.31344	1.31343
	1.31336	1.31345	1.31344	1.31344	1.31343
	1.31335	1.31344	1.31344	1.31344	1.31343
	1.31335	1.31344	1.31344	1.31344	1.31343
	1.31334	1.31344	1.31344	1.31344	1.31343
	1.31333	1.31344	1.31344	1.31344	1.31343
	1.31333	1.31344	1.31344	1.31344	1.31343
	1.31332	1.31344	1.31344	1.31344	1.31343
	1.31332	1.31344	1.31344	1.31344	1.31343
	1.31331	1.31343	1.31344	1.31344	1.31343
	1.31331	1.31343	1.31344	1.31344	1.31343
	1.3133	1.31343	1.31344	1.31344	1.31343
	1.3133	1.31343	1.31343	1.31344	1.31343
	1.3133	1.31343	1.31343	1.31344	1.31343
	1.3133	1.31343	1.31343	1.31343	1.31343
	1.3133	1.31343	1.31343	1.31343	1.31343
	1.3133	1.31343	1.31343	1.31343	1.31343
	1.3133	1.31343	1.31343	1.31343	1.31343
	1.3133	1.31343	1.31343	1.31343	1.31343
	1.3133	1.31343	1.31343	1.31343	1.31343
	1.31331	1.31343	1.31343	1.31343	1.31343
	1.31331	1.31343	1.31343	1.31343	1.31343
	1.31331	1.31343	1.31343	1.31343	1.31343
	1.31331	1.31343	1.31343	1.31343	1.31343
	1.31331	1.31343	1.31343	1.31343	1.31343
	1.31332	1.31343	1.31343	1.31343	1.31343
	1.31332	1.31343	1.31343	1.31343	1.31343
	1.31332	1.31343	1.31343	1.31343	1.31343
	1.31332	1.31343	1.31343	1.31343	1.31343
	1.31332	1.31343	1.31343	1.31343	1.31343
	1.31332	1.31343	1.31343	1.31343	1.31343
	1.31332	1.31343	1.31343	1.31343	1.31343
	1.31332	1.31343	1.31343	1.31343	1.31343
	1.31333	1.31343	1.31343	1.31343	1.31343
	1.31333	1.31343	1.31343	1.31343	1.31343
	1.31333	1.31343	1.31343	1.31343	1.31343
	1.31333	1.31343	1.31343	1.31343	1.31343
	1.31333	1.31343	1.31343	1.31343	1.31343
	1.31333	1.31343	1.31343	1.31343	1.31343
	1.31333	1.31343	1.31343	1.31343	1.31343
	1.31333	1.31343	1.31343	1.31343	1.31343
	1.31333	1.31343	1.31343	1.31343	1.31343
	1.31333	1.31343	1.31343	1.31343	1.31343
	1.31334	1.31343	1.31343	1.31343	1.31343
	1.31334	1.31343	1.31343	1.31343	1.31343
	1.31334	1.31343	1.31343	1.31343	1.31343
	1.31334	1.31343	1.31343	1.31343	1.31343
	1.31334	1.31343	1.31343	1.31343	1.31343
	1.31334	1.31343	1.31343	1.31343	1.31343
	1.31334	1.31343	1.31343	1.31343	1.31343
	1.31334	1.31343	1.31343	1.31343	1.31343
	1.31334	1.31343	1.31343	1.31343	1.31343
	1.31334	1.31343	1.31343	1.31343	1.31343
	1.31334	1.31343	1.31343	1.31343	1.31343
	1.31334	1.31343	1.31343	1.31343	1.31343
	1.31334	1.31343	1.31343	1.31343	1.31343
	1.31334	1.31343	1.31343	1.31343	1.31343
	1.31334	1.31343	1.31343	1.31343	1.31343
	1.31334	1.31343	1.31343	1.31343	1.31343
	1.31334	1.31343	1.31343	1.31343	1.31343
	1.31334	1.31343	1.31343	1.31343	1.31343
	1.31334	1.31343	1.31343	1.31343	1.31343
	1.31334	1.31343	1.31343	1.31343	1.31343
	1.31333	1.31343	1.31343	1.31343	1.31343
	1.31333	1.31343	1.31343	1.31343	1.31343
	1.31333	1.31343	1.31343	1.31343	1.31343
	1.31332	1.31343	1.31343	1.31343	1.31343
	1.31332	1.31342	1.31342	1.31342	1.31342
	1.31331	1.31342	1.31342	1.31342	1.31342
	1.31331	1.31341	1.31341	1.31341	1.31341
	1.3133	1.3134	1.3134	1.3134	1.3134
	1.31328	1.31339	1.31339	1.31339	1.31339
	1.31326	1.31337	1.31337	1.31337	1.31337
	1.31323	1.31333	1.31334	1.31334	1.31334
	1.31318	1.31329	1.31329	1.31329	1.31329
	1.31312	1.31322	1.31323	1.31323	1.31323
	1.31302	1.31313	1.31313	1.31313	1.31313
	1.31288	1.31299	1.31299	1.31299	1.31299
	1.31268	1.31278	1.31279	1.31279	1.31279
	1.31237	1.31248	1.31248	1.31248	1.31248
	1.31192	1.31203	1.31203	1.31203	1.31203
	1.31125	1.31136	1.31136	1.31136	1.31136
	1.31024	1.31035	1.31035	1.31035	1.31035
	1.30871	1.30882	1.30882	1.30882	1.30882
	1.30638	1.30649	1.30649	1.30649	1.30649
	1.30282	1.30293	1.30293	1.30293	1.30293
	1.29738	1.29748	1.29749	1.29749	1.29749
	1.28904	1.28915	1.28915	1.28915	1.28915
	1.27636	1.27646	1.27646	1.27646	1.27646
	1.25726	1.25735	1.25735	1.25735	1.25735
	1.22915	1.22922	1.22922	1.22923	1.22923
	1.18907	1.18913	1.18913	1.18913	1.18913
	1.13457	1.1346	1.1346	1.1346	1.1346
	1.07005	1.07007	1.07007	1.07007	1.07007
	1.02098	1.02098	1.02098	1.02098	1.02098
	1.19425	1.19406	1.19404	1.19404	1.19403
	1.19424	1.19406	1.19404	1.19404	1.19403
	1.19423	1.19406	1.19404	1.19404	1.19403
	1.19422	1.19406	1.19404	1.19404	1.19403
	1.19421	1.19406	1.19404	1.19404	1.19403
	1.1942	1.19405	1.19404	1.19404	1.19403
	1.19419	1.19405	1.19404	1.19404	1.19403
	1.19419	1.19405	1.19404	1.19404	1.19403
	1.19418	1.19405	1.19404	1.19404	1.19403
	1.19417	1.19405	1.19404	1.19403	1.19403
	1.19416	1.19405	1.19404	1.19403	1.19403
	1.19415	1.19405	1.19404	1.19403	1.19403
	1.19415	1.19404	1.19404	1.19403	1.19403
	1.19414	1.19404	1.19404	1.19403	1.19403
	1.19414	1.19404	1.19404	1.19403	1.19403
	1.19414	1.19404	1.19403	1.19403	1.19403
	1.19413	1.19404	1.19403	1.19403	1.19403
	1.19413	1.19404	1.19403	1.19403	1.19403
	1.19413	1.19404	1.19403	1.19403	1.19403
	1.19413	1.19404	1.19403	1.19403	1.19403
	1.19413	1.19403	1.19403	1.19403	1.19403
	1.19413	1.19403	1.19403	1.19403	1.19403
	1.19413	1.19403	1.19403	1.19403	1.19403
	1.19413	1.19403	1.19403	1.19403	1.19403
	1.19413	1.19403	1.19403	1.19403	1.19403
	1.19414	1.19403	1.19403	1.19403	1.19403
	1.19414	1.19403	1.19403	1.19403	1.19403
	1.19414	1.19403	1.19403	1.19403	1.19403
	1.19414	1.19403	1.19403	1.19403	1.19403
	1.19415	1.19403	1.19403	1.19403	1.19403
	1.19415	1.19403	1.19403	1.19403	1.19403
	1.19415	1.19403	1.19403	1.19403	1.19403
	1.19415	1.19403	1.19403	1.19403	1.19403
	1.19415	1.19403	1.19403	1.19403	1.19403
	1.19415	1.19403	1.19403	1.19403	1.19403
	1.19416	1.19403	1.19403	1.19403	1.19403
	1.19416	1.19403	1.19403	1.19403	1.19403
	1.19416	1.19404	1.19403	1.19403	1.19403
	1.19416	1.19404	1.19403	1.19403	1.19403
	1.19416	1.19404	1.19403	1.19403	1.19403
	1.19416	1.19404	1.19403	1.19403	1.19403
	1.19416	1.19404	1.19403	1.19403	1.19403
	1.19416	1.19404	1.19403	1.19403	1.19403
	1.19416	1.19404	1.19403	1.19403	1.19403
	1.19417	1.19404	1.19403	1.19403	1.19403
	1.19417	1.19404	1.19403	1.19403	1.19403
	1.19417	1.19404	1.19403	1.19403	1.19403
	1.19417	1.19404	1.19403	1.19403	1.19403
	1.19417	1.19404	1.19403	1.19403	1.19403
	1.19417	1.19404	1.19403	1.19403	1.19403
	1.19417	1.19404	1.19403	1.19403	1.19403
	1.19418	1.19404	1.19403	1.19403	1.19403
	1.19418	1.19404	1.19403	1.19403	1.19403
	1.19418	1.19404	1.19403	1.19403	1.19403
	1.19418	1.19404	1.19403	1.19403	1.19403
	1.19418	1.19404	1.19403	1.19403	1.19403
	1.19418	1.19404	1.19403	1.19403	1.19403
	1.19418	1.19404	1.19403	1.19403	1.19403
	1.19418	1.19404	1.19403	1.19403	1.19403
	1.19418	1.19404	1.19403	1.19403	1.19403
	1.19418	1.19404	1.19403	1.19403	1.19403
	1.19418	1.19404	1.19403	1.19403	1.19403
	1.19418	1.19404	1.19403	1.19403	1.19403
	1.19418	1.19404	1.19403	1.19403	1.19403
	1.19418	1.19404	1.19403	1.19403	1.19403
	1.19418	1.19404	1.19403	1.19403	1.19403
	1.19418	1.19404	1.19404	1.19403	1.19403
	1.19417	1.19404	1.19404	1.19403	1.19403
	1.19417	1.19404	1.19404	1.19403	1.19403
	1.19417	1.19404	1.19404	1.19403	1.19403
	1.19417	1.19405	1.19404	1.19404	1.19403
	1.19417	1.19405	1.19404	1.19404	1.19404
	1.19417	1.19405	1.19404	1.19404	1.19404
	1.19418	1.19405	1.19405	1.19404	1.19404
	1.19418	1.19406	1.19405	1.19405	1.19405
	1.19419	1.19407	1.19406	1.19406	1.19406
	1.1942	1.19408	1.19407	1.19407	1.19407
	1.19421	1.19409	1.19409	1.19408	1.19408
	1.19423	1.19411	1.19411	1.19411	1.19411
	1.19427	1.19415	1.19414	1.19414	1.19414
	1.19431	1.19419	1.19419	1.19419	1.19419
	1.19438	1.19426	1.19425	1.19425	1.19425
	1.19447	1.19436	1.19435	1.19435	1.19435
	1.19461	1.19449	1.19448	1.19448	1.19448
	1.19479	1.19467	1.19467	1.19467	1.19467
	1.19505	1.19493	1.19492	1.19492	1.19492
	1.19539	1.19527	1.19526	1.19526	1.19526
	1.19583	1.19571	1.1957	1.1957	1.1957
	1.19637	1.19625	1.19625	1.19625	1.19625
	1.19698	1.19687	1.19686	1.19686	1.19686
	1.19756	1.19745	1.19745	1.19744	1.19744
	1.19786	1.19775	1.19775	1.19775	1.19775
	1.19736	1.19726	1.19726	1.19726	1.19726
	1.19511	1.19502	1.19501	1.19501	1.19501
	1.18943	1.18934	1.18934	1.18934	1.18934
	1.17767	1.17759	1.17759	1.17759	1.17759
	1.15595	1.15588	1.15588	1.15588	1.15588
	1.11937	1.11932	1.11931	1.11931	1.11931
	1.06794	1.06791	1.0679	1.0679	1.0679
	1.02244	1.02243	1.02243	1.02243	1.02243
	1.04519	1.04481	1.04479	1.04478	1.04478
	1.04518	1.04481	1.04479	1.04478	1.04478
	1.04517	1.04481	1.04479	1.04478	1.04478
	1.04515	1.04481	1.04479	1.04478	1.04478
	1.04514	1.04481	1.04479	1.04478	1.04478
	1.04513	1.04481	1.04479	1.04478	1.04478
	1.04512	1.04481	1.04479	1.04478	1.04478
	1.04512	1.04481	1.04479	1.04478	1.04478
	1.04511	1.0448	1.04479	1.04478	1.04478
	1.0451	1.0448	1.04479	1.04478	1.04478
	1.04509	1.0448	1.04479	1.04478	1.04478
	1.04508	1.0448	1.04478	1.04478	1.04478
	1.04508	1.0448	1.04478	1.04478	1.04478
	1.04507	1.0448	1.04478	1.04478	1.04478
	1.04507	1.04479	1.04478	1.04478	1.04478
	1.04507	1.04479	1.04478	1.04478	1.04478
	1.04506	1.04479	1.04478	1.04478	1.04478
	1.04506	1.04479	1.04478	1.04478	1.04478
	1.04506	1.04479	1.04478	1.04478	1.04478
	1.04506	1.04479	1.04478	1.04478	1.04478
	1.04506	1.04479	1.04478	1.04478	1.04478
	1.04506	1.04479	1.04478	1.04478	1.04478
	1.04506	1.04479	1.04478	1.04478	1.04478
	1.04507	1.04479	1.04478	1.04478	1.04478
	1.04507	1.04479	1.04478	1.04478	1.04478
	1.04507	1.04479	1.04478	1.04478	1.04478
	1.04507	1.04479	1.04478	1.04478	1.04478
	1.04508	1.04479	1.04478	1.04478	1.04478
	1.04508	1.04479	1.04478	1.04478	1.04478
	1.04508	1.04479	1.04478	1.04478	1.04478
	1.04508	1.04479	1.04478	1.04478	1.04478
	1.04508	1.04479	1.04478	1.04478	1.04478
	1.04509	1.04479	1.04478	1.04478	1.04478
	1.04509	1.04479	1.04478	1.04478	1.04478
	1.04509	1.04479	1.04478	1.04478	1.04478
	1.04509	1.04479	1.04478	1.04478	1.04478
	1.04509	1.04479	1.04478	1.04478	1.04478
	1.04509	1.04479	1.04478	1.04478	1.04478
	1.04509	1.04479	1.04478	1.04478	1.04478
	1.0451	1.04479	1.04478	1.04478	1.04478
	1.0451	1.04479	1.04478	1.04478	1.04478
	1.0451	1.04479	1.04478	1.04478	1.04478
	1.0451	1.04479	1.04478	1.04478	1.04478
	1.0451	1.04479	1.04478	1.04478	1.04478
	1.0451	1.04479	1.04478	1.04478	1.04478
	1.0451	1.04479	1.04478	1.04478	1.04478
	1.0451	1.04479	1.04478	1.04478	1.04478
	1.0451	1.04479	1.04478	1.04478	1.04478
	1.04511	1.04479	1.04478	1.04478	1.04478
	1.04511	1.04479	1.04478	1.04478	1.04478
	1.04511	1.04479	1.04478	1.04478	1.04478
	1.04511	1.04479	1.04478	1.04478	1.04478
	1.04511	1.04479	1.04478	1.04478	1.04478
	1.04511	1.0448	1.04478	1.04478	1.04478
	1.04511	1.0448	1.04478	1.04478	1.04478
	1.04512	1.0448	1.04478	1.04478	1.04478
	1.04512	1.0448	1.04478	1.04478	1.04478
	1.04512	1.0448	1.04478	1.04478	1.04478
	1.04512	1.0448	1.04478	1.04478	1.04478
	1.04512	1.0448	1.04478	1.04478	1.04478
	1.04512	1.0448	1.04478	1.04478	1.04478
	1.04512	1.0448	1.04478	1.04478	1.04478
	1.04512	1.0448	1.04478	1.04478	1.04478
	1.04511	1.0448	1.04478	1.04478	1.04478
	1.04511	1.0448	1.04478	1.04478	1.04478
	1.04511	1.0448	1.04478	1.04478	1.04478
	1.04511	1.0448	1.04478	1.04478	1.04478
	1.04511	1.0448	1.04479	1.04478	1.04478
	1.04511	1.0448	1.04479	1.04478	1.04478
	1.04511	1.0448	1.04479	1.04479	1.04478
	1.04511	1.04481	1.04479	1.04479	1.04479
	1.04512	1.04481	1.0448	1.0448	1.04479
	1.04512	1.04482	1.04481	1.0448	1.0448
	1.04513	1.04483	1.04482	1.04481	1.04481
	1.04515	1.04485	1.04483	1.04483	1.04483
	1.04517	1.04487	1.04485	1.04485	1.04485
	1.0452	1.0449	1.04489	1.04488	1.04488
	1.04525	1.04495	1.04493	1.04493	1.04493
	1.04531	1.04501	1.045	1.045	1.045
	1.04541	1.04511	1.0451	1.0451	1.04509
	1.04555	1.04525	1.04524	1.04524	1.04523
	1.04575	1.04546	1.04544	1.04544	1.04544
	1.04605	1.04575	1.04574	1.04573	1.04573
	1.04647	1.04617	1.04616	1.04616	1.04616
	1.04708	1.04678	1.04677	1.04676	1.04676
	1.04795	1.04765	1.04763	1.04763	1.04763
	1.04918	1.04888	1.04887	1.04887	1.04887
	1.05093	1.05063	1.05062	1.05062	1.05061
	1.05338	1.05308	1.05307	1.05306	1.05306
	1.05676	1.05647	1.05646	1.05645	1.05645
	1.06136	1.06107	1.06106	1.06106	1.06106
	1.06745	1.06717	1.06716	1.06715	1.06715
	1.0752	1.07493	1.07492	1.07492	1.07492
	1.0845	1.08425	1.08424	1.08423	1.08423
	1.09453	1.0943	1.09429	1.09429	1.09429
	1.1032	1.103	1.10299	1.10299	1.10299
	1.10621	1.10605	1.10604	1.10604	1.10604
	1.09592	1.09581	1.0958	1.0958	1.0958
	1.06536	1.06529	1.06529	1.06529	1.06529
	1.02531	1.02529	1.02529	1.02529	1.02529
	0.86618	0.865712	0.865687	0.865679	0.865674
	0.86617	0.865711	0.865686	0.865679	0.865674
	0.866158	0.86571	0.865686	0.865678	0.865674
	0.866147	0.865708	0.865685	0.865678	0.865674
	0.866136	0.865707	0.865685	0.865678	0.865674
	0.866126	0.865706	0.865684	0.865678	0.865674
	0.866117	0.865704	0.865683	0.865677	0.865673
	0.866108	0.865703	0.865683	0.865677	0.865673
	0.866099	0.865702	0.865682	0.865677	0.865673
	0.866092	0.8657	0.865682	0.865677	0.865673
	0.866085	0.865699	0.865681	0.865676	0.865673
	0.866079	0.865697	0.865681	0.865676	0.865673
	0.866074	0.865696	0.86568	0.865676	0.865673
	0.866069	0.865695	0.865679	0.865676	0.865673
	0.866066	0.865694	0.865679	0.865675	0.865673
	0.866063	0.865693	0.865678	0.865675	0.865673
	0.866061	0.865691	0.865678	0.865675	0.865673
	0.86606	0.865691	0.865677	0.865675	0.865672
	0.866059	0.86569	0.865677	0.865674	0.865672
	0.86606	0.865689	0.865676	0.865674	0.865672
	0.86606	0.865688	0.865676	0.865674	0.865672
	0.866062	0.865687	0.865675	0.865674	0.865672
	0.866064	0.865687	0.865675	0.865674	0.865672
	0.866066	0.865687	0.865675	0.865673	0.865672
	0.866068	0.865686	0.865674	0.865673	0.865672
	0.86607	0.865686	0.865674	0.865673	0.865672
	0.866073	0.865686	0.865674	0.865673	0.865672
	0.866075	0.865686	0.865674	0.865673	0.865672
	0.866078	0.865686	0.865674	0.865673	0.865672
	0.86608	0.865686	0.865674	0.865673	0.865672
	0.866082	0.865686	0.865674	0.865673	0.865672
	0.866084	0.865687	0.865674	0.865673	0.865671
	0.866085	0.865687	0.865674	0.865673	0.865671
	0.866087	0.865687	0.865674	0.865673	0.865671
	0.866088	0.865688	0.865674	0.865673	0.865671
	0.866089	0.865688	0.865674	0.865673	0.865671
	0.86609	0.865689	0.865674	0.865673	0.865671
	0.866091	0.865689	0.865674	0.865673	0.865671
	0.866092	0.86569	0.865675	0.865673	0.865671
	0.866093	0.86569	0.865675	0.865673	0.865671
	0.866094	0.865691	0.865675	0.865673	0.865671
	0.866095	0.865691	0.865675	0.865673	0.865672
	0.866096	0.865692	0.865676	0.865673	0.865672
	0.866097	0.865692	0.865676	0.865673	0.865672
	0.866098	0.865692	0.865676	0.865673	0.865672
	0.866099	0.865693	0.865676	0.865673	0.865672
	0.8661	0.865693	0.865676	0.865674	0.865672
	0.866102	0.865693	0.865677	0.865674	0.865672
	0.866103	0.865694	0.865677	0.865674	0.865672
	0.866104	0.865694	0.865677	0.865674	0.865672
	0.866106	0.865694	0.865677	0.865674	0.865672
	0.866107	0.865694	0.865677	0.865674	0.865672
	0.866108	0.865694	0.865677	0.865674	0.865672
	0.86611	0.865695	0.865678	0.865674	0.865672
	0.866111	0.865695	0.865678	0.865674	0.865672
	0.866111	0.865695	0.865678	0.865674	0.865672
	0.866112	0.865695	0.865678	0.865674	0.865672
	0.866112	0.865695	0.865678	0.865674	0.865672
	0.866113	0.865695	0.865678	0.865675	0.865673
	0.866112	0.865696	0.865678	0.865675	0.865673
	0.866112	0.865696	0.865678	0.865675	0.865673
	0.866112	0.865696	0.865678	0.865675	0.865673
	0.866111	0.865696	0.865679	0.865675	0.865673
	0.866111	0.865697	0.865679	0.865676	0.865674
	0.86611	0.865697	0.86568	0.865676	0.865674
	0.86611	0.865698	0.86568	0.865677	0.865675
	0.866109	0.865699	0.865682	0.865678	0.865676
	0.866109	0.865701	0.865683	0.865679	0.865678
	0.86611	0.865703	0.865686	0.865682	0.86568
	0.866112	0.865706	0.865689	0.865685	0.865683
	0.866115	0.865711	0.865694	0.86569	0.865688
	0.866121	0.865718	0.865701	0.865697	0.865695
	0.86613	0.865728	0.865711	0.865707	0.865706
	0.866143	0.865743	0.865726	0.865722	0.86572
	0.866163	0.865764	0.865747	0.865743	0.865742
	0.866193	0.865795	0.865778	0.865774	0.865773
	0.866238	0.86584	0.865823	0.865819	0.865818
	0.866302	0.865904	0.865888	0.865884	0.865883
	0.866396	0.865999	0.865982	0.865979	0.865977
	0.866532	0.866135	0.866119	0.866115	0.866114
	0.86673	0.866332	0.866316	0.866313	0.866312
	0.867017	0.866619	0.866603	0.8666	0.866598
	0.867433	0.867033	0.867018	0.867015	0.867013
	0.868034	0.867634	0.867619	0.867616	0.867614
	0.868905	0.868504	0.868489	0.868486	0.868484
	0.870164	0.869762	0.869747	0.869744	0.869743
	0.871983	0.87158	0.871565	0.871562	0.871561
	0.874605	0.874202	0.874188	0.874185	0.874184
	0.878373	0.877972	0.877957	0.877954	0.877953
	0.883764	0.883366	0.883351	0.883349	0.883348
	0.89142	0.891028	0.891014	0.891011	0.89101
	0.902177	0.901794	0.901781	0.901778	0.901777
	0.917042	0.916673	0.916661	0.916658	0.916657
	0.937066	0.93672	0.936708	0.936706	0.936705
	0.962977	0.962663	0.962653	0.96265	0.96265
	0.994346	0.994075	0.994066	0.994064	0.994064
	1.02795	1.02773	1.02773	1.02772	1.02772
	1.05476	1.05461	1.0546	1.0546	1.0546
	1.05834	1.05827	1.05826	1.05826	1.05826
	1.02857	1.02854	1.02854	1.02854	1.02854
	0.657209	0.656752	0.65673	0.656723	0.656719
	0.657199	0.656751	0.656729	0.656722	0.656718
	0.657187	0.65675	0.656728	0.656722	0.656718
	0.657176	0.656749	0.656728	0.656722	0.656718
	0.657167	0.656748	0.656727	0.656722	0.656718
	0.657158	0.656746	0.656727	0.656721	0.656718
	0.65715	0.656745	0.656726	0.656721	0.656718
	0.657142	0.656744	0.656726	0.656721	0.656718
	0.657135	0.656743	0.656725	0.656721	0.656718
	0.657129	0.656742	0.656725	0.656721	0.656718
	0.657124	0.656741	0.656724	0.65672	0.656718
	0.657119	0.65674	0.656724	0.65672	0.656717
	0.657115	0.656739	0.656724	0.65672	0.656717
	0.657111	0.656738	0.656723	0.65672	0.656717
	0.657109	0.656737	0.656723	0.65672	0.656717
	0.657107	0.656736	0.656722	0.656719	0.656717
	0.657105	0.656735	0.656722	0.656719	0.656717
	0.657105	0.656735	0.656721	0.656719	0.656717
	0.657105	0.656734	0.656721	0.656719	0.656717
	0.657105	0.656733	0.656721	0.656719	0.656717
	0.657106	0.656733	0.65672	0.656718	0.656717
	0.657107	0.656732	0.65672	0.656718	0.656717
	0.657109	0.656732	0.65672	0.656718	0.656717
	0.657111	0.656732	0.656719	0.656718	0.656717
	0.657113	0.656731	0.656719	0.656718	0.656717
	0.657115	0.656731	0.656719	0.656718	0.656717
	0.657117	0.656731	0.656719	0.656718	0.656717
	0.657119	0.656731	0.656719	0.656718	0.656716
	0.657121	0.656731	0.656719	0.656717	0.656716
	0.657123	0.656731	0.656719	0.656717	0.656716
	0.657125	0.656731	0.656719	0.656717	0.656716
	0.657126	0.656732	0.656719	0.656717	0.656716
	0.657128	0.656732	0.656719	0.656717	0.656716
	0.657129	0.656732	0.656719	0.656717	0.656716
	0.65713	0.656733	0.656719	0.656717	0.656716
	0.657131	0.656733	0.656719	0.656717	0.656716
	0.657131	0.656733	0.656719	0.656717	0.656716
	0.657132	0.656734	0.656719	0.656717	0.656716
	0.657133	0.656734	0.65672	0.656718	0.656716
	0.657133	0.656735	0.65672	0.656718	0.656716
	0.657134	0.656735	0.65672	0.656718	0.656716
	0.657135	0.656735	0.65672	0.656718	0.656716
	0.657136	0.656736	0.65672	0.656718	0.656716
	0.657136	0.656736	0.656721	0.656718	0.656716
	0.657137	0.656736	0.656721	0.656718	0.656717
	0.657138	0.656737	0.656721	0.656718	0.656717
	0.657139	0.656737	0.656721	0.656718	0.656717
	0.65714	0.656737	0.656721	0.656718	0.656717
	0.657142	0.656737	0.656721	0.656718	0.656717
	0.657143	0.656738	0.656721	0.656718	0.656717
	0.657144	0.656738	0.656722	0.656719	0.656717
	0.657145	0.656738	0.656722	0.656719	0.656717
	0.657146	0.656738	0.656722	0.656719	0.656717
	0.657147	0.656738	0.656722	0.656719	0.656717
	0.657148	0.656738	0.656722	0.656719	0.656717
	0.657148	0.656738	0.656722	0.656719	0.656717
	0.657149	0.656739	0.656722	0.656719	0.656717
	0.657149	0.656739	0.656722	0.656719	0.656717
	0.657149	0.656739	0.656722	0.656719	0.656717
	0.657149	0.656739	0.656722	0.656719	0.656717
	0.657149	0.656739	0.656722	0.656719	0.656717
	0.657149	0.65674	0.656723	0.656719	0.656718
	0.657148	0.65674	0.656723	0.65672	0.656718
	0.657148	0.65674	0.656723	0.65672	0.656718
	0.657147	0.656741	0.656724	0.656721	0.656719
	0.657147	0.656742	0.656725	0.656721	0.65672
	0.657147	0.656743	0.656726	0.656722	0.656721
	0.657147	0.656744	0.656728	0.656724	0.656722
	0.657148	0.656747	0.65673	0.656726	0.656725
	0.657151	0.65675	0.656733	0.65673	0.656728
	0.657154	0.656755	0.656738	0.656735	0.656733
	0.65716	0.656762	0.656745	0.656742	0.656741
	0.65717	0.656772	0.656756	0.656752	0.656751
	0.657184	0.656787	0.656771	0.656768	0.656766
	0.657205	0.656809	0.656793	0.656789	0.656788
	0.657236	0.656841	0.656824	0.656821	0.65682
	0.657281	0.656886	0.65687	0.656867	0.656866
	0.657347	0.656953	0.656937	0.656934	0.656932
	0.657443	0.657049	0.657033	0.65703	0.657029
	0.657583	0.657189	0.657173	0.65717	0.657169
	0.657786	0.657391	0.657376	0.657373	0.657372
	0.658081	0.657686	0.65767	0.657667	0.657666
	0.65851	0.658113	0.658098	0.658095	0.658094
	0.659132	0.658735	0.65872	0.658717	0.658716
	0.660038	0.65964	0.659625	0.659622	0.659621
	0.661358	0.660959	0.660944	0.660941	0.66094
	0.663283	0.662882	0.662868	0.662865	0.662864
	0.666094	0.665693	0.665678	0.665676	0.665675
	0.670204	0.669803	0.669789	0.669786	0.669785
	0.676217	0.675818	0.675804	0.675801	0.6758
	0.685009	0.684614	0.6846	0.684598	0.684597
	0.697836	0.697449	0.697436	0.697433	0.697432
	0.716448	0.716075	0.716063	0.71606	0.71606
	0.743175	0.742825	0.742813	0.742811	0.74281
	0.780806	0.780489	0.780479	0.780477	0.780476
	0.831958	0.831687	0.831678	0.831677	0.831676
	0.897512	0.897301	0.897294	0.897293	0.897293
	0.972269	0.972128	0.972123	0.972122	0.972122
	1.03145	1.03138	1.03138	1.03138	1.03138
	1.02399	1.02397	1.02397	1.02397	1.02397
	0.418274	0.417936	0.41792	0.417915	0.417912
	0.418264	0.417935	0.417919	0.417915	0.417912
	0.418254	0.417934	0.417919	0.417914	0.417912
	0.418245	0.417933	0.417918	0.417914	0.417912
	0.418238	0.417932	0.417918	0.417914	0.417911
	0.418232	0.417931	0.417917	0.417914	0.417911
	0.418226	0.41793	0.417917	0.417914	0.417911
	0.418221	0.41793	0.417917	0.417913	0.417911
	0.418217	0.417929	0.417916	0.417913	0.417911
	0.418213	0.417928	0.417916	0.417913	0.417911
	0.418209	0.417928	0.417916	0.417913	0.417911
	0.418206	0.417927	0.417916	0.417913	0.417911
	0.418204	0.417927	0.417915	0.417913	0.417911
	0.418201	0.417926	0.417915	0.417913	0.417911
	0.4182	0.417925	0.417915	0.417913	0.417911
	0.418199	0.417925	0.417914	0.417912	0.417911
	0.418198	0.417924	0.417914	0.417912	0.417911
	0.418197	0.417924	0.417914	0.417912	0.417911
	0.418198	0.417923	0.417914	0.417912	0.417911
	0.418198	0.417923	0.417913	0.417912	0.417911
	0.418199	0.417923	0.417913	0.417912	0.417911
	0.4182	0.417922	0.417913	0.417912	0.417911
	0.418201	0.417922	0.417913	0.417912	0.417911
	0.418202	0.417922	0.417913	0.417912	0.417911
	0.418204	0.417922	0.417913	0.417912	0.417911
	0.418205	0.417922	0.417912	0.417911	0.417911
	0.418207	0.417922	0.417912	0.417911	0.417911
	0.418208	0.417922	0.417912	0.417911	0.417911
	0.418209	0.417922	0.417912	0.417911	0.41791
	0.418211	0.417922	0.417912	0.417911	0.41791
	0.418212	0.417922	0.417912	0.417911	0.41791
	0.418213	0.417922	0.417912	0.417911	0.41791
	0.418214	0.417922	0.417912	0.417911	0.41791
	0.418215	0.417922	0.417912	0.417911	0.41791
	0.418215	0.417923	0.417912	0.417911	0.41791
	0.418216	0.417923	0.417912	0.417911	0.41791
	0.418216	0.417923	0.417913	0.417911	0.41791
	0.418217	0.417923	0.417913	0.417911	0.41791
	0.418217	0.417924	0.417913	0.417911	0.41791
	0.418218	0.417924	0.417913	0.417911	0.41791
	0.418218	0.417924	0.417913	0.417912	0.41791
	0.418219	0.417924	0.417913	0.417912	0.41791
	0.418219	0.417925	0.417913	0.417912	0.417911
	0.41822	0.417925	0.417914	0.417912	0.417911
	0.41822	0.417925	0.417914	0.417912	0.417911
	0.418221	0.417925	0.417914	0.417912	0.417911
	0.418221	0.417925	0.417914	0.417912	0.417911
	0.418222	0.417926	0.417914	0.417912	0.417911
	0.418223	0.417926	0.417914	0.417912	0.417911
	0.418224	0.417926	0.417914	0.417912	0.417911
	0.418224	0.417926	0.417914	0.417912	0.417911
	0.418225	0.417926	0.417914	0.417912	0.417911
	0.418226	0.417926	0.417914	0.417912	0.417911
	0.418227	0.417926	0.417914	0.417912	0.417911
	0.418227	0.417926	0.417914	0.417912	0.417911
	0.418227	0.417926	0.417914	0.417912	0.417911
	0.418228	0.417927	0.417915	0.417912	0.417911
	0.418228	0.417927	0.417915	0.417912	0.417911
	0.418228	0.417927	0.417915	0.417912	0.417911
	0.418228	0.417927	0.417915	0.417912	0.417911
	0.418228	0.417927	0.417915	0.417913	0.417911
	0.418228	0.417927	0.417915	0.417913	0.417911
	0.418227	0.417927	0.417915	0.417913	0.417912
	0.418227	0.417928	0.417915	0.417913	0.417912
	0.418227	0.417928	0.417916	0.417913	0.417912
	0.418227	0.417929	0.417916	0.417914	0.417913
	0.418227	0.41793	0.417917	0.417915	0.417914
	0.418227	0.417931	0.417919	0.417916	0.417915
	0.418228	0.417933	0.41792	0.417918	0.417917
	0.41823	0.417935	0.417923	0.41792	0.417919
	0.418233	0.417939	0.417927	0.417924	0.417923
	0.418237	0.417944	0.417932	0.41793	0.417929
	0.418244	0.417952	0.41794	0.417937	0.417936
	0.418255	0.417963	0.417951	0.417949	0.417948
	0.418271	0.417979	0.417968	0.417965	0.417964
	0.418294	0.418003	0.417991	0.417989	0.417988
	0.418328	0.418037	0.418026	0.418023	0.418022
	0.418378	0.418087	0.418076	0.418073	0.418072
	0.41845	0.41816	0.418148	0.418146	0.418145
	0.418555	0.418264	0.418253	0.418251	0.41825
	0.418708	0.418417	0.418405	0.418403	0.418402
	0.41893	0.418638	0.418627	0.418625	0.418624
	0.419252	0.41896	0.418949	0.418947	0.418946
	0.419723	0.41943	0.419418	0.419416	0.419415
	0.420409	0.420115	0.420104	0.420102	0.420101
	0.421414	0.421119	0.421108	0.421106	0.421105
	0.42289	0.422593	0.422582	0.42258	0.42258
	0.425066	0.424768	0.424757	0.424755	0.424754
	0.42829	0.427991	0.42798	0.427978	0.427978
	0.433092	0.432794	0.432783	0.432781	0.432781
	0.440289	0.439992	0.439982	0.43998	0.43998
	0.451137	0.450845	0.450835	0.450833	0.450833
	0.467576	0.467293	0.467284	0.467282	0.467282
	0.492574	0.492308	0.492299	0.492298	0.492297
	0.530499	0.530259	0.530252	0.53025	0.53025
	0.587416	0.587214	0.587207	0.587206	0.587206
	0.671789	0.671635	0.67163	0.671629	0.671628
	0.792917	0.79282	0.792817	0.792816	0.792816
	0.930181	0.930138	0.930137	0.930136	0.930136
	0.969163	0.969153	0.969153	0.969152	0.969152
	0.149395	0.149264	0.149257	0.149255	0.149254
	0.149389	0.149263	0.149257	0.149255	0.149254
	0.149383	0.149262	0.149257	0.149255	0.149254
	0.14938	0.149262	0.149256	0.149255	0.149254
	0.149377	0.149262	0.149256	0.149255	0.149254
	0.149374	0.149261	0.149256	0.149255	0.149254
	0.149372	0.149261	0.149256	0.149255	0.149254
	0.149371	0.149261	0.149256	0.149255	0.149254
	0.149369	0.149261	0.149256	0.149255	0.149254
	0.149367	0.14926	0.149256	0.149255	0.149254
	0.149366	0.14926	0.149256	0.149255	0.149254
	0.149365	0.14926	0.149256	0.149255	0.149254
	0.149364	0.14926	0.149256	0.149255	0.149254
	0.149364	0.14926	0.149255	0.149255	0.149254
	0.149363	0.149259	0.149255	0.149255	0.149254
	0.149363	0.149259	0.149255	0.149255	0.149254
	0.149362	0.149259	0.149255	0.149254	0.149254
	0.149362	0.149259	0.149255	0.149254	0.149254
	0.149362	0.149259	0.149255	0.149254	0.149254
	0.149363	0.149258	0.149255	0.149254	0.149254
	0.149363	0.149258	0.149255	0.149254	0.149254
	0.149363	0.149258	0.149255	0.149254	0.149254
	0.149364	0.149258	0.149255	0.149254	0.149254
	0.149364	0.149258	0.149255	0.149254	0.149254
	0.149365	0.149258	0.149255	0.149254	0.149254
	0.149365	0.149258	0.149255	0.149254	0.149254
	0.149366	0.149258	0.149254	0.149254	0.149254
	0.149367	0.149258	0.149254	0.149254	0.149254
	0.149367	0.149258	0.149254	0.149254	0.149254
	0.149368	0.149258	0.149254	0.149254	0.149254
	0.149368	0.149258	0.149254	0.149254	0.149254
	0.149368	0.149258	0.149254	0.149254	0.149254
	0.149369	0.149258	0.149254	0.149254	0.149254
	0.149369	0.149258	0.149254	0.149254	0.149254
	0.149369	0.149258	0.149255	0.149254	0.149254
	0.149369	0.149258	0.149255	0.149254	0.149254
	0.14937	0.149259	0.149255	0.149254	0.149254
	0.14937	0.149259	0.149255	0.149254	0.149254
	0.14937	0.149259	0.149255	0.149254	0.149254
	0.14937	0.149259	0.149255	0.149254	0.149254
	0.14937	0.149259	0.149255	0.149254	0.149254
	0.14937	0.149259	0.149255	0.149254	0.149254
	0.149371	0.149259	0.149255	0.149254	0.149254
	0.149371	0.149259	0.149255	0.149254	0.149254
	0.149371	0.149259	0.149255	0.149254	0.149254
	0.149371	0.149259	0.149255	0.149254	0.149254
	0.149371	0.149259	0.149255	0.149254	0.149254
	0.149372	0.14926	0.149255	0.149254	0.149254
	0.149372	0.14926	0.149255	0.149254	0.149254
	0.149372	0.14926	0.149255	0.149254	0.149254
	0.149372	0.14926	0.149255	0.149254	0.149254
	0.149373	0.14926	0.149255	0.149254	0.149254
	0.149373	0.14926	0.149255	0.149254	0.149254
	0.149373	0.14926	0.149255	0.149254	0.149254
	0.149373	0.14926	0.149255	0.149254	0.149254
	0.149374	0.14926	0.149255	0.149254	0.149254
	0.149374	0.14926	0.149255	0.149254	0.149254
	0.149374	0.14926	0.149255	0.149254	0.149254
	0.149374	0.14926	0.149255	0.149255	0.149254
	0.149374	0.14926	0.149255	0.149255	0.149254
	0.149374	0.14926	0.149255	0.149255	0.149254
	0.149374	0.14926	0.149255	0.149255	0.149254
	0.149373	0.14926	0.149256	0.149255	0.149254
	0.149373	0.14926	0.149256	0.149255	0.149254
	0.149373	0.14926	0.149256	0.149255	0.149254
	0.149373	0.149261	0.149256	0.149255	0.149255
	0.149373	0.149261	0.149256	0.149255	0.149255
	0.149373	0.149261	0.149257	0.149256	0.149255
	0.149374	0.149262	0.149257	0.149257	0.149256
	0.149374	0.149263	0.149258	0.149258	0.149257
	0.149375	0.149264	0.14926	0.149259	0.149259
	0.149377	0.149266	0.149262	0.149261	0.149261
	0.14938	0.149269	0.149265	0.149264	0.149263
	0.149384	0.149274	0.149269	0.149268	0.149268
	0.14939	0.14928	0.149275	0.149274	0.149274
	0.149398	0.149289	0.149284	0.149283	0.149283
	0.149411	0.149301	0.149297	0.149296	0.149296
	0.14943	0.14932	0.149316	0.149315	0.149314
	0.149457	0.149347	0.149343	0.149342	0.149341
	0.149496	0.149386	0.149382	0.149381	0.149381
	0.149553	0.149443	0.149439	0.149438	0.149438
	0.149636	0.149526	0.149521	0.149521	0.14952
	0.149756	0.149646	0.149642	0.149641	0.14964
	0.149932	0.149821	0.149817	0.149816	0.149816
	0.150188	0.150077	0.150073	0.150072	0.150072
	0.150564	0.150452	0.150448	0.150447	0.150447
	0.151118	0.151005	0.151001	0.151	0.151
	0.151939	0.151826	0.151822	0.151821	0.151821
	0.153167	0.153053	0.153049	0.153048	0.153048
	0.155023	0.154908	0.154904	0.154904	0.154903
	0.157867	0.157752	0.157748	0.157747	0.157747
	0.162296	0.162181	0.162177	0.162177	0.162176
	0.169332	0.16922	0.169216	0.169216	0.169215
	0.180766	0.18066	0.180657	0.180656	0.180656
	0.199724	0.199627	0.199624	0.199624	0.199624
	0.231791	0.23171	0.231708	0.231707	0.231707
	0.288865	0.288807	0.288805	0.288804	0.288804
	0.39597	0.395938	0.395937	0.395937	0.395937
	0.560406	0.560397	0.560397	0.560396	0.560396
	0.6574	0.6574	0.6574	0.6574	0.6574
