	0.308844	0.277309	0.271096	0.272871	0.277348
	0.29052	0.258678	0.252441	0.254213	0.258689
	0.274429	0.241933	0.23565	0.237417	0.241893
	0.262469	0.229407	0.223061	0.22482	0.229295
	0.25422	0.220681	0.214271	0.216023	0.220497
	0.248308	0.214278	0.207836	0.209583	0.214056
	0.241362	0.208827	0.20241	0.204156	0.208629
	0.231903	0.203468	0.197169	0.198924	0.203398
	0.223482	0.197841	0.191781	0.193556	0.198033
	0.219018	0.191978	0.186211	0.18802	0.1925
	0.216198	0.186045	0.180543	0.182393	0.18688
	0.211522	0.180237	0.174871	0.176762	0.181256
	0.205046	0.174789	0.169258	0.171179	0.175679
	0.198904	0.169653	0.163739	0.165664	0.17017
	0.194263	0.164399	0.158321	0.160224	0.164733
	0.190833	0.158815	0.152997	0.154864	0.159372
	0.187944	0.153257	0.147754	0.149596	0.1541
	0.185277	0.148096	0.14258	0.144437	0.148936
	0.18285	0.143294	0.137502	0.139407	0.143904
	0.180717	0.138689	0.132605	0.13453	0.13903
	0.1788	0.134324	0.127956	0.129834	0.134338
	0.176956	0.130355	0.123551	0.125345	0.129847
	0.175089	0.126858	0.119367	0.121084	0.125573
	0.173173	0.123799	0.11542	0.117058	0.121526
	0.171212	0.12114	0.111743	0.113265	0.117709
	0.1692	0.118873	0.108344	0.109702	0.114119
	0.167128	0.11698	0.105214	0.106366	0.110749
	0.165003	0.115389	0.102343	0.103249	0.107588
	0.16284	0.114	0.0997183	0.100338	0.104622
	0.160651	0.112724	0.0973237	0.0976168	0.101836
	0.158439	0.1115	0.0951433	0.0950683	0.0992108
	0.156203	0.110303	0.0931616	0.0926747	0.0967288
	0.15395	0.109081	0.0913589	0.0904187	0.0943726
	0.151689	0.107811	0.0897083	0.0882841	0.0921252
	0.149425	0.106481	0.0881781	0.0862562	0.089971
	0.147157	0.105088	0.0867404	0.0843217	0.087896
	0.144883	0.103634	0.0853736	0.0824686	0.0858882
	0.142603	0.102125	0.0840582	0.0806867	0.0839375
	0.140322	0.100569	0.0827736	0.0789663	0.0820351
	0.138043	0.0989783	0.0815005	0.077299	0.080174
	0.135762	0.0973643	0.0802284	0.0756771	0.0783484
	0.13348	0.0957344	0.0789474	0.0740951	0.0765537
	0.131198	0.0940933	0.0776532	0.072548	0.0747865
	0.128917	0.0924451	0.0763423	0.0710314	0.0730441
	0.126637	0.0907933	0.0750137	0.0695404	0.0713247
	0.124352	0.0891415	0.0736674	0.0680707	0.0696269
	0.122066	0.0874913	0.0723061	0.066619	0.0679499
	0.119782	0.0858434	0.0709331	0.0651829	0.0662933
	0.117504	0.084197	0.0695511	0.063761	0.0646566
	0.115227	0.0825536	0.0681625	0.0623516	0.0630395
	0.112946	0.0809123	0.0667704	0.0609534	0.0614417
	0.110657	0.0792737	0.0653769	0.0595658	0.0598631
	0.108367	0.0776355	0.0639836	0.0581889	0.0583037
	0.106083	0.0759984	0.0625922	0.0568231	0.0567636
	0.103807	0.0743618	0.0612031	0.0554686	0.0552426
	0.101533	0.0727268	0.0598174	0.0541259	0.0537405
	0.0992547	0.0710927	0.0584348	0.0527949	0.0522571
	0.096968	0.0694587	0.0570558	0.0514758	0.0507925
	0.0946765	0.0678244	0.0556803	0.0501685	0.0493468
	0.0923875	0.066188	0.0543085	0.0488729	0.0479201
	0.0901059	0.0645525	0.0529404	0.0475882	0.0465125
	0.0878309	0.0629154	0.0515758	0.0463137	0.045124
	0.0855564	0.0612814	0.0502144	0.0450485	0.0437544
	0.0832774	0.0596455	0.0488558	0.0437917	0.0424037
	0.0809907	0.0580118	0.0475001	0.0425425	0.0410717
	0.0787009	0.056375	0.0461469	0.0412999	0.0397579
	0.0764111	0.0547391	0.0447963	0.0400629	0.0384619
	0.0741285	0.0531023	0.0434478	0.0388308	0.0371829
	0.0718489	0.051466	0.0421013	0.0376027	0.0359202
	0.0695756	0.0498319	0.0407566	0.036378	0.034673
	0.0672963	0.0481962	0.0394136	0.0351563	0.0334404
	0.0650179	0.046564	0.0380721	0.0339371	0.0322212
	0.062728	0.0449277	0.0367318	0.0327204	0.0310145
	0.0604434	0.0432949	0.0353925	0.0315057	0.0298192
	0.058151	0.0416587	0.034054	0.0302931	0.0286342
	0.0558707	0.0400242	0.0327161	0.0290824	0.0274587
	0.0535868	0.0383901	0.031379	0.0278735	0.0262916
	0.0513107	0.0367551	0.0300422	0.0266667	0.0251319
	0.0490341	0.0351233	0.0287061	0.0254617	0.0239789
	0.0467507	0.0334881	0.0273702	0.0242588	0.0228319
	0.0444772	0.0318563	0.0260346	0.023058	0.0216901
	0.0421807	0.0302212	0.0246993	0.0218593	0.0205529
	0.0399095	0.0285878	0.0233637	0.0206627	0.0194199
	0.0376077	0.0269529	0.0220287	0.0194681	0.0182905
	0.0353371	0.0253185	0.0206931	0.0182757	0.0171644
	0.0330455	0.0236846	0.019358	0.0170853	0.0160412
	0.0307664	0.0220494	0.018023	0.0158969	0.0149208
	0.0284907	0.0204177	0.0166875	0.0147104	0.0138027
	0.0261997	0.0187814	0.0153529	0.0135257	0.012687
	0.0239257	0.0171505	0.0140174	0.0123428	0.0115734
	0.0216511	0.0155144	0.0126825	0.0111616	0.0104619
	0.0193495	0.0138799	0.0113479	0.00998175	0.00935227
	0.0170824	0.0122496	0.0100124	0.00880344	0.00824466
	0.014788	0.0106109	0.0086776	0.00762633	0.00713889
	0.0124723	0.00897976	0.00734267	0.00645041	0.00603511
	0.0102616	0.00734648	0.00600721	0.00527565	0.00493313
	0.00790664	0.0057085	0.00467254	0.00410182	0.0038333
	0.00561744	0.00407872	0.00333756	0.00292889	0.00273527
	0.00342482	0.00244654	0.00200231	0.0017569	0.00163973
	0.00112829	0.000813712	0.000667425	0.000585457	0.000545499
	0.286543	0.255029	0.248827	0.250604	0.255082
	0.278102	0.246297	0.240068	0.241843	0.24632
	0.268713	0.236133	0.229853	0.231622	0.236098
	0.259971	0.226666	0.220316	0.222075	0.22655
	0.252472	0.218905	0.212471	0.214219	0.218693
	0.246697	0.212693	0.206204	0.207944	0.212417
	0.240557	0.207335	0.200871	0.202608	0.207079
	0.231406	0.202193	0.195843	0.197587	0.202059
	0.221975	0.196878	0.190755	0.192519	0.196993
	0.217182	0.191284	0.185489	0.187287	0.191765
	0.215933	0.18558	0.180076	0.181917	0.186401
	0.212979	0.179998	0.174599	0.176484	0.180975
	0.206511	0.174648	0.169138	0.171054	0.175552
	0.199482	0.169544	0.163744	0.165666	0.17017
	0.194625	0.164572	0.15844	0.16034	0.164847
	0.191666	0.159474	0.153231	0.155089	0.159594
	0.189101	0.154112	0.148102	0.149923	0.154424
	0.186322	0.148747	0.143048	0.14486	0.149354
	0.183636	0.143796	0.138096	0.139919	0.144408
	0.181336	0.139392	0.133291	0.135123	0.13961
	0.179331	0.13534	0.128669	0.130495	0.134981
	0.177398	0.13147	0.124267	0.126056	0.130539
	0.175427	0.127843	0.120119	0.121825	0.1263
	0.173415	0.124627	0.116238	0.117812	0.122271
	0.171379	0.121905	0.112603	0.114021	0.118458
	0.169311	0.119627	0.109186	0.110453	0.114861
	0.167204	0.117688	0.10599	0.107104	0.111472
	0.165055	0.115999	0.103047	0.103964	0.108284
	0.162873	0.114497	0.10037	0.101016	0.105285
	0.160668	0.113127	0.0979378	0.0982467	0.10246
	0.158447	0.111832	0.0957108	0.0956452	0.0997932
	0.156209	0.110554	0.0936657	0.0932021	0.0972673
	0.153955	0.109268	0.0917928	0.0909019	0.094866
	0.15169	0.107945	0.0900779	0.0887248	0.0925744
	0.149422	0.106571	0.0884946	0.0866529	0.0903787
	0.147155	0.105146	0.0870113	0.084673	0.0882652
	0.144884	0.103669	0.0856013	0.0827766	0.0862217
	0.142605	0.102142	0.0842438	0.0809563	0.0842372
	0.14032	0.100574	0.0829202	0.0792032	0.0823032
	0.138038	0.0989773	0.0816143	0.0775073	0.0804134
	0.135761	0.0973598	0.0803138	0.0758593	0.0785622
	0.133482	0.0957278	0.0790106	0.0742523	0.0767451
	0.1312	0.0940852	0.0776989	0.0726822	0.074958
	0.128916	0.0924371	0.0763742	0.071145	0.0731978
	0.126633	0.0907865	0.0750349	0.0696364	0.0714622
	0.12435	0.0891366	0.0736809	0.0681517	0.0697501
	0.122067	0.0874869	0.0723142	0.066687	0.0680604
	0.119784	0.0858398	0.0709362	0.0652397	0.0663926
	0.117505	0.0841944	0.0695515	0.0638082	0.0647461
	0.115227	0.0825524	0.0681626	0.0623906	0.0631204
	0.112945	0.0809114	0.0667707	0.0609857	0.061515
	0.110656	0.0792728	0.0653777	0.0595928	0.0599296
	0.108366	0.0776343	0.0639848	0.0582114	0.0583641
	0.106083	0.0759977	0.062594	0.0568417	0.0568183
	0.103807	0.0743613	0.0612055	0.0554841	0.0552923
	0.101535	0.0727266	0.0598202	0.0541387	0.0537857
	0.0992562	0.0710927	0.0584376	0.0528057	0.0522984
	0.0969681	0.0694586	0.0570583	0.0514851	0.0508301
	0.0946749	0.0678247	0.0556827	0.0501767	0.049381
	0.0923852	0.066188	0.0543107	0.0488801	0.0479511
	0.0901046	0.0645527	0.0529426	0.0475948	0.0465405
	0.0878317	0.0629148	0.0515775	0.0463197	0.0451492
	0.0855588	0.0612814	0.0502157	0.0450542	0.0437771
	0.0832801	0.059645	0.0488566	0.0437971	0.0424241
	0.0809915	0.0580124	0.0475005	0.0425476	0.0410899
	0.0787	0.0563753	0.0461472	0.0413047	0.0397741
	0.0764079	0.0547399	0.0447964	0.0400675	0.0384763
	0.0741264	0.0531021	0.0434479	0.0388351	0.0371957
	0.0718473	0.0514654	0.042101	0.0376067	0.0359315
	0.0695777	0.049831	0.0407562	0.0363818	0.034683
	0.0672971	0.0481957	0.0394129	0.0351598	0.0334491
	0.0650217	0.0465642	0.0380715	0.0339403	0.0322289
	0.0627269	0.0449289	0.0367314	0.0327232	0.0310213
	0.0604451	0.0432955	0.0353922	0.0315083	0.0298252
	0.0581467	0.0416593	0.0340539	0.0302954	0.0286396
	0.0558713	0.0400237	0.032716	0.0290845	0.0274634
	0.0535828	0.0383894	0.0313786	0.0278753	0.0262958
	0.0513124	0.0367543	0.0300418	0.0266681	0.0251358
	0.0490345	0.0351223	0.0287055	0.0254629	0.0239825
	0.0467518	0.0334889	0.0273699	0.0242597	0.0228351
	0.0444825	0.0318558	0.0260343	0.0230586	0.0216931
	0.0421748	0.030223	0.0246992	0.0218597	0.0205558
	0.0399195	0.0285871	0.0233639	0.020663	0.0194226
	0.0375932	0.026954	0.0220286	0.0194683	0.0182931
	0.0353518	0.0253177	0.0206933	0.0182757	0.0171668
	0.0330283	0.0236848	0.0193577	0.0170851	0.0160436
	0.03078	0.0220497	0.0180228	0.0158966	0.014923
	0.0284856	0.020416	0.0166876	0.01471	0.0138048
	0.0262033	0.0187834	0.0153525	0.0135253	0.012689
	0.0239464	0.0171491	0.0140178	0.0123423	0.0115752
	0.0216202	0.0155172	0.0126825	0.0111611	0.0104636
	0.0193919	0.0138805	0.0113478	0.0099813	0.00935377
	0.0170543	0.0122476	0.0100128	0.00880294	0.00824607
	0.0148229	0.0106139	0.00867746	0.00762588	0.00713998
	0.0124996	0.00897674	0.00734258	0.00644995	0.0060361
	0.0102078	0.00734498	0.00600733	0.0052751	0.0049337
	0.00795029	0.00570953	0.00467206	0.00410133	0.00383376
	0.00559407	0.00407374	0.00333729	0.00292838	0.00273524
	0.00334921	0.00244377	0.00200236	0.00175648	0.00163955
	0.00112424	0.000813743	0.000667399	0.000585191	0.000544961
	0.272503	0.240995	0.234799	0.236578	0.241056
	0.268683	0.236847	0.23062	0.232395	0.236872
	0.263664	0.230934	0.224644	0.226411	0.230888
	0.257762	0.224201	0.217829	0.219586	0.224061
	0.251367	0.217665	0.211197	0.212941	0.217414
	0.245967	0.211781	0.205242	0.206975	0.211446
	0.240336	0.206448	0.199929	0.201657	0.206126
	0.23113	0.201367	0.194966	0.196698	0.201168
	0.220761	0.196238	0.190058	0.191809	0.19628
	0.215936	0.190883	0.185039	0.186823	0.191298
	0.216565	0.185395	0.179873	0.181701	0.186182
	0.215428	0.180012	0.174608	0.176482	0.18097
	0.208894	0.174842	0.16932	0.171226	0.175722
	0.200902	0.169919	0.164073	0.165986	0.170487
	0.195886	0.165253	0.158909	0.160796	0.165299
	0.19353	0.160591	0.153845	0.155676	0.160176
	0.191295	0.155518	0.148874	0.150642	0.155135
	0.188245	0.150077	0.143989	0.145707	0.15019
	0.185106	0.144934	0.139192	0.140888	0.145359
	0.182488	0.14065	0.134496	0.1362	0.140662
	0.180278	0.137049	0.129931	0.131662	0.136117
	0.178153	0.133543	0.125561	0.127288	0.131739
	0.175986	0.129903	0.121455	0.123097	0.127541
	0.17381	0.126448	0.117634	0.1191	0.123533
	0.171652	0.123559	0.114053	0.115308	0.11972
	0.169499	0.121246	0.110653	0.111725	0.116102
	0.167329	0.119248	0.107415	0.10835	0.112678
	0.165138	0.117364	0.104381	0.105168	0.109441
	0.162927	0.115583	0.101607	0.102165	0.106382
	0.1607	0.113954	0.0991028	0.0993249	0.103488
	0.158464	0.112461	0.0968239	0.0966423	0.100746
	0.156219	0.111031	0.0947104	0.0941145	0.0981422
	0.153962	0.109608	0.0927283	0.0917332	0.0956614
	0.151694	0.108166	0.0908782	0.089482	0.0932916
	0.149422	0.106699	0.0891671	0.0873407	0.0910209
	0.147154	0.105207	0.0875804	0.0852925	0.0888378
	0.144885	0.103687	0.0860821	0.0833272	0.0867304
	0.142605	0.102136	0.0846366	0.0814395	0.0846882
	0.140317	0.100556	0.0832246	0.0796248	0.0827021
	0.138034	0.0989539	0.0818385	0.0778759	0.0807651
	0.135761	0.0973362	0.0804732	0.0761831	0.0788719
	0.133487	0.0957069	0.0791199	0.0745363	0.0770178
	0.131203	0.0940683	0.0777698	0.0729279	0.075199
	0.128914	0.0924247	0.0764152	0.0713533	0.0734119
	0.126627	0.0907782	0.0750543	0.0698098	0.0716537
	0.124347	0.0891318	0.0736863	0.0682952	0.0699216
	0.122069	0.0874845	0.0723125	0.0668061	0.068214
	0.11979	0.0858392	0.0709327	0.0653388	0.0665299
	0.117508	0.0841949	0.0695484	0.0638899	0.064869
	0.115225	0.0825545	0.0681608	0.0624576	0.063231
	0.11294	0.0809143	0.0667709	0.0610412	0.0616155
	0.110653	0.0792759	0.0653803	0.0596401	0.0600217
	0.108367	0.0776362	0.06399	0.0582534	0.0584489
	0.106086	0.0759991	0.0626015	0.0568801	0.0568966
	0.103811	0.0743627	0.0612147	0.0555196	0.0553647
	0.101536	0.0727288	0.0598304	0.0541722	0.0538531
	0.0992549	0.0710947	0.0584482	0.0528378	0.0523618
	0.0969649	0.0694599	0.0570692	0.0515164	0.0508904
	0.0946718	0.0678252	0.0556935	0.0502073	0.0494386
	0.0923844	0.0661881	0.0543215	0.0489098	0.0480063
	0.090106	0.0645533	0.052953	0.0476233	0.0465936
	0.087835	0.0629151	0.0515873	0.0463469	0.0452004
	0.0855616	0.0612821	0.0502244	0.0450799	0.0438267
	0.083281	0.0596449	0.0488645	0.0438213	0.0424722
	0.08099	0.0580132	0.0475076	0.0425701	0.0411364
	0.0786973	0.0563752	0.0461537	0.0413255	0.0398189
	0.0764052	0.0547408	0.0448022	0.0400865	0.0385192
	0.0741257	0.0531016	0.043453	0.0388524	0.0372367
	0.071848	0.0514655	0.0421055	0.0376225	0.0359705
	0.0695805	0.0498299	0.04076	0.0363961	0.0347198
	0.0672992	0.0481956	0.0394162	0.0351727	0.0334836
	0.0650238	0.0465642	0.0380742	0.0339521	0.032261
	0.0627257	0.0449293	0.0367337	0.0327339	0.031051
	0.0604446	0.0432967	0.0353942	0.031518	0.0298525
	0.0581433	0.0416588	0.0340556	0.0303043	0.0286646
	0.0558711	0.0400245	0.0327175	0.0290927	0.0274862
	0.0535808	0.0383874	0.0313799	0.0278829	0.0263165
	0.0513148	0.0367546	0.0300428	0.0266751	0.0251544
	0.0490352	0.0351207	0.0287062	0.0254693	0.0239993
	0.046754	0.0334896	0.0273703	0.0242656	0.0228503
	0.0444845	0.0318561	0.0260348	0.0230641	0.0217067
	0.0421724	0.0302233	0.0246996	0.0218647	0.020568
	0.039924	0.0285886	0.0233645	0.0206675	0.0194336
	0.0375843	0.026953	0.0220291	0.0194724	0.018303
	0.0353611	0.0253186	0.0206937	0.0182794	0.0171759
	0.0330164	0.0236826	0.0193581	0.0170885	0.0160518
	0.0307908	0.02205	0.0180227	0.0158996	0.0149306
	0.0284814	0.0204154	0.0166875	0.0147126	0.0138117
	0.0261979	0.0187831	0.0153524	0.0135276	0.0126954
	0.0239639	0.0171502	0.0140176	0.0123443	0.011581
	0.0215917	0.0155158	0.0126828	0.0111627	0.010469
	0.0194251	0.0138825	0.0113479	0.00998268	0.00935862
	0.0170262	0.0122472	0.0100129	0.00880408	0.00825058
	0.014815	0.0106129	0.00867771	0.00762676	0.00714387
	0.0125403	0.00897767	0.00734242	0.00645065	0.00603959
	0.0101455	0.00734221	0.00600726	0.00527551	0.00493651
	0.00798028	0.00570873	0.00467199	0.00410153	0.00383606
	0.00561028	0.00407415	0.00333697	0.00292832	0.00273667
	0.00326366	0.0024416	0.00200223	0.00175629	0.00164007
	0.00109515	0.000812666	0.000667348	0.000584785	0.000544182
	0.263711	0.232165	0.225968	0.227747	0.232225
	0.261763	0.229846	0.223614	0.225388	0.229866
	0.259027	0.226154	0.219849	0.221614	0.226091
	0.255119	0.221354	0.214956	0.216709	0.221184
	0.250011	0.216023	0.209521	0.211259	0.215732
	0.245251	0.210683	0.204101	0.205826	0.210296
	0.239777	0.205538	0.198968	0.200686	0.205154
	0.230367	0.200545	0.194098	0.195819	0.200287
	0.2198	0.195551	0.189329	0.191068	0.195537
	0.215492	0.190395	0.184508	0.186281	0.190753
	0.217362	0.185109	0.179568	0.181386	0.185864
	0.217153	0.179929	0.174521	0.176384	0.180869
	0.210543	0.175006	0.169423	0.171319	0.175811
	0.202058	0.170354	0.164343	0.166244	0.170741
	0.196973	0.165958	0.159335	0.161201	0.165699
	0.194944	0.161589	0.154424	0.156219	0.160713
	0.192875	0.156759	0.149613	0.151318	0.155801
	0.189633	0.15135	0.144889	0.14651	0.150979
	0.186186	0.146098	0.140232	0.141809	0.146261
	0.183353	0.141886	0.135636	0.137226	0.141663
	0.181005	0.138655	0.131137	0.132773	0.137199
	0.178746	0.135507	0.126814	0.128464	0.132884
	0.176442	0.131885	0.122751	0.124315	0.12873
	0.174149	0.128181	0.118976	0.12034	0.124746
	0.171904	0.125075	0.115448	0.116554	0.120937
	0.169682	0.122698	0.112089	0.112965	0.117307
	0.167458	0.12065	0.108846	0.10957	0.113856
	0.165228	0.118598	0.105743	0.106357	0.110579
	0.162993	0.11656	0.102867	0.103311	0.10747
	0.160747	0.114698	0.100283	0.100417	0.104519
	0.158493	0.113041	0.0979634	0.0976682	0.101713
	0.156236	0.11149	0.0958069	0.0950668	0.099041
	0.153973	0.10995	0.0937318	0.0926118	0.0964902
	0.151702	0.108398	0.0917438	0.0902934	0.0940504
	0.14943	0.106846	0.0898964	0.0880925	0.0917116
	0.147161	0.105297	0.0882074	0.0859874	0.0894641
	0.144887	0.10374	0.0866312	0.0839619	0.0872976
	0.142601	0.102164	0.0851053	0.08201	0.0852015
	0.140314	0.100568	0.0836028	0.080132	0.0831664
	0.138036	0.0989562	0.0821303	0.0783282	0.0811844
	0.135767	0.0973337	0.0806977	0.0765911	0.0792496
	0.133491	0.0957034	0.0792961	0.0749062	0.077358
	0.131202	0.0940659	0.0779084	0.0732592	0.0755063
	0.128908	0.0924241	0.0765208	0.0716438	0.0736914
	0.126623	0.0907793	0.0751324	0.0700615	0.0719098
	0.124348	0.0891344	0.073744	0.0685151	0.0701577
	0.122074	0.0874881	0.0723574	0.0670024	0.068432
	0.119794	0.0858434	0.0709693	0.0655159	0.0667314
	0.117508	0.0841996	0.0695791	0.0640489	0.0650555
	0.115221	0.08256	0.0681865	0.0625992	0.0634048
	0.112935	0.0809198	0.0667937	0.0611679	0.0617791
	0.110651	0.0792808	0.0654018	0.0597556	0.0601772
	0.10837	0.0776395	0.0640111	0.0583605	0.0585972
	0.106092	0.0760017	0.0626223	0.0569799	0.0570381
	0.103815	0.0743653	0.0612349	0.0556125	0.0554995
	0.101535	0.072732	0.0598501	0.0542584	0.053982
	0.0992503	0.0710975	0.0584673	0.0529184	0.0524858
	0.0969601	0.0694616	0.0570881	0.0515918	0.0510106
	0.0946702	0.0678257	0.0557118	0.0502778	0.0495554
	0.0923866	0.066188	0.0543394	0.0489752	0.0481195
	0.0901103	0.064554	0.0529698	0.0476835	0.0467031
	0.0878383	0.0629161	0.0516032	0.0464021	0.0453064
	0.0855621	0.0612838	0.0502391	0.0451303	0.0439293
	0.0832788	0.0596452	0.0488782	0.0438671	0.0425714
	0.0809863	0.0580139	0.0475204	0.0426114	0.041232
	0.0786947	0.0563747	0.0461655	0.0413625	0.0399104
	0.0764046	0.0547414	0.0448131	0.0401197	0.0386064
	0.0741276	0.0531011	0.0434626	0.0388821	0.0373193
	0.0718505	0.0514659	0.0421142	0.037649	0.0360485
	0.0695831	0.0498297	0.0407676	0.0364198	0.034793
	0.0672998	0.0481955	0.0394231	0.0351941	0.0335519
	0.0650235	0.0465649	0.0380802	0.0339713	0.0323243
	0.0627234	0.0449287	0.0367389	0.0327514	0.0311094
	0.0604429	0.043298	0.0353987	0.0315341	0.0299061
	0.0581414	0.0416576	0.0340594	0.0303192	0.0287135
	0.0558714	0.0400253	0.0327209	0.0291065	0.0275307
	0.0535816	0.038386	0.0313828	0.0278959	0.0263567
	0.0513166	0.0367546	0.0300453	0.0266873	0.0251907
	0.0490371	0.0351208	0.0287082	0.0254808	0.0240319
	0.0467538	0.0334888	0.0273718	0.0242765	0.0228796
	0.0444862	0.0318578	0.026036	0.0230744	0.021733
	0.0421692	0.0302224	0.0247006	0.0218745	0.0205916
	0.0399263	0.02859	0.0233654	0.0206767	0.0194548
	0.0375799	0.0269522	0.02203	0.0194811	0.0183221
	0.0353637	0.0253184	0.0206944	0.0182876	0.0171931
	0.0330142	0.0236831	0.0193586	0.0170962	0.0160674
	0.03079	0.0220486	0.0180229	0.0159067	0.0149448
	0.0284857	0.0204164	0.0166876	0.0147192	0.0138246
	0.0261903	0.018782	0.0153525	0.0135335	0.0127073
	0.0239743	0.0171503	0.0140177	0.0123497	0.0115919
	0.0215815	0.0155166	0.0126829	0.0111675	0.0104791
	0.0194305	0.0138818	0.0113481	0.00998699	0.00936792
	0.0170275	0.0122478	0.0100131	0.00880793	0.00825916
	0.0148001	0.0106123	0.00867786	0.0076301	0.00715166
	0.0125582	0.00897717	0.00734252	0.00645353	0.00604662
	0.0101213	0.00734193	0.00600719	0.00527788	0.00494272
	0.00796672	0.00570724	0.00467197	0.00410341	0.00384131
	0.00562091	0.00407342	0.00333689	0.00292963	0.0027409
	0.00322409	0.00244088	0.00200208	0.00175712	0.00164284
	0.00107053	0.000811949	0.000667277	0.000584923	0.000545305
	0.25767	0.226055	0.219852	0.221631	0.226109
	0.256526	0.224516	0.218274	0.220048	0.224525
	0.254947	0.221937	0.215616	0.217379	0.221855
	0.252349	0.218356	0.211933	0.213682	0.218156
	0.248327	0.214043	0.207509	0.209242	0.213713
	0.244114	0.20936	0.202741	0.20446	0.208928
	0.238792	0.204556	0.197943	0.199653	0.20412
	0.22957	0.199729	0.193242	0.194954	0.199419
	0.219369	0.194861	0.188605	0.190335	0.194801
	0.215448	0.189862	0.183943	0.185707	0.190177
	0.217696	0.184762	0.179193	0.181001	0.185476
	0.217865	0.179791	0.174343	0.176197	0.180679
	0.211459	0.175127	0.169434	0.171317	0.175806
	0.202963	0.170748	0.164525	0.166406	0.1709
	0.197863	0.16657	0.159673	0.161508	0.166001
	0.195936	0.162371	0.154908	0.156655	0.161142
	0.193967	0.157694	0.150235	0.151873	0.156346
	0.190685	0.152371	0.145638	0.147176	0.15163
	0.187095	0.147128	0.141088	0.142575	0.147008
	0.184121	0.142982	0.136576	0.13808	0.142493
	0.181666	0.139958	0.132141	0.133699	0.138099
	0.179303	0.137017	0.12787	0.129445	0.133839
	0.176893	0.133407	0.123848	0.125333	0.129723
	0.174504	0.129531	0.12011	0.121381	0.125761
	0.172178	0.126257	0.116621	0.117604	0.12196
	0.169887	0.123817	0.1133	0.114013	0.118324
	0.167609	0.121737	0.110063	0.110606	0.114854
	0.16534	0.119582	0.10691	0.107372	0.111548
	0.163076	0.117377	0.103943	0.104294	0.108402
	0.160808	0.115353	0.101281	0.101359	0.105406
	0.158534	0.113579	0.0989224	0.09856	0.102551
	0.156262	0.111933	0.0967346	0.0959008	0.0998253
	0.15399	0.1103	0.0945891	0.093386	0.0972188
	0.151717	0.108658	0.0924874	0.091012	0.0947224
	0.149444	0.107033	0.0905237	0.0887621	0.0923281
	0.147168	0.105431	0.0887506	0.0866112	0.0900276
	0.144884	0.103834	0.0871161	0.0845369	0.0878121
	0.142597	0.102228	0.08553	0.08253	0.0856716
	0.140315	0.10061	0.0839543	0.0805956	0.0835958
	0.138044	0.0989824	0.0824097	0.0787423	0.0815759
	0.135773	0.0973504	0.0809219	0.076967	0.0796057
	0.133489	0.095715	0.0794816	0.0752513	0.0776814
	0.131194	0.094075	0.0780619	0.0735729	0.0758007
	0.128903	0.0924321	0.0766433	0.0719226	0.0739613
	0.126624	0.0907865	0.0752274	0.0703063	0.0721594
	0.124354	0.0891411	0.073818	0.0687331	0.0703902
	0.12208	0.0874947	0.0724167	0.0672017	0.0686493
	0.119795	0.0858505	0.0710177	0.0657001	0.0669343
	0.117504	0.084207	0.0696188	0.0642173	0.0652454
	0.115215	0.0825674	0.0682196	0.0627509	0.0635837
	0.112932	0.0809262	0.0668225	0.0613048	0.0619495
	0.110654	0.0792859	0.065428	0.0598812	0.060341
	0.108376	0.0776435	0.0640355	0.0584774	0.0587554
	0.106096	0.0760055	0.0626452	0.0570889	0.0571903
	0.103815	0.0743693	0.0612564	0.0557136	0.0556456
	0.101531	0.0727358	0.0598709	0.0543521	0.0541225
	0.0992445	0.0711004	0.0584875	0.0530054	0.052622
	0.096957	0.0694631	0.057108	0.051673	0.0511434
	0.0946713	0.0678262	0.0557311	0.0503533	0.0496848
	0.0923908	0.0661882	0.0543582	0.0490451	0.0482453
	0.0901148	0.0645551	0.0529878	0.0477479	0.0468248
	0.0878401	0.0629174	0.0516204	0.0464612	0.0454241
	0.0855603	0.0612856	0.0502556	0.0451843	0.0440434
	0.0832749	0.059646	0.0488938	0.0439162	0.0426818
	0.0809829	0.0580143	0.0475354	0.0426559	0.0413383
	0.0786936	0.056374	0.0461795	0.0414027	0.0400123
	0.0764062	0.0547411	0.0448261	0.0401558	0.0387036
	0.0741308	0.0531011	0.0434744	0.0389145	0.0374117
	0.0718534	0.0514663	0.0421249	0.0376782	0.0361361
	0.0695845	0.0498306	0.0407774	0.0364461	0.0348756
	0.0672988	0.0481955	0.039432	0.0352178	0.0336294
	0.0650215	0.0465656	0.0380883	0.0339929	0.0323966
	0.0627209	0.0449279	0.0367459	0.0327712	0.0311766
	0.0604417	0.0432984	0.0354049	0.0315523	0.0299683
	0.0581413	0.0416568	0.0340647	0.0303361	0.0287708
	0.055873	0.0400254	0.0327255	0.0291224	0.0275832
	0.0535837	0.0383861	0.0313869	0.027911	0.0264047
	0.051318	0.0367542	0.0300487	0.0267017	0.0252345
	0.0490384	0.0351217	0.0287111	0.0254946	0.0240717
	0.0467529	0.033488	0.0273741	0.0242897	0.0229157
	0.0444865	0.0318588	0.0260379	0.0230871	0.0217657
	0.0421667	0.0302215	0.0247022	0.0218867	0.0206211
	0.0399267	0.02859	0.0233667	0.0206885	0.0194815
	0.037578	0.0269528	0.0220311	0.0194924	0.0183463
	0.0353645	0.0253173	0.0206953	0.0182984	0.0172151
	0.0330154	0.0236839	0.0193593	0.0171064	0.0160873
	0.030789	0.0220475	0.0180235	0.0159164	0.0149629
	0.0284897	0.0204167	0.016688	0.0147283	0.0138412
	0.0261858	0.0187827	0.0153528	0.013542	0.0127225
	0.0239782	0.0171495	0.0140179	0.0123575	0.0116059
	0.0215787	0.0155175	0.0126831	0.0111747	0.010492
	0.0194274	0.0138814	0.0113483	0.00999353	0.00937981
	0.0170323	0.0122474	0.0100133	0.00881385	0.00827001
	0.0147882	0.0106126	0.00867799	0.00763538	0.0071617
	0.0125621	0.0089759	0.00734261	0.00645817	0.00605563
	0.0101158	0.00734178	0.00600722	0.00528184	0.0049509
	0.00794883	0.00570701	0.00467194	0.00410668	0.00384826
	0.00562669	0.00407242	0.00333684	0.00293216	0.00274681
	0.0032186	0.00244058	0.00200202	0.00175882	0.0016471
	0.0010579	0.000811937	0.000667269	0.000585715	0.000548077
	0.253293	0.221602	0.215391	0.217168	0.221646
	0.252542	0.22044	0.214187	0.215958	0.220435
	0.2516	0.218459	0.212123	0.213884	0.218359
	0.249802	0.215639	0.209194	0.21094	0.215413
	0.246511	0.212089	0.205528	0.207256	0.211727
	0.242809	0.208017	0.201367	0.20308	0.207547
	0.237904	0.203609	0.196963	0.198666	0.203131
	0.229125	0.199004	0.192486	0.194191	0.198655
	0.219215	0.194274	0.187992	0.189714	0.194178
	0.215338	0.18941	0.183459	0.185215	0.189682
	0.217665	0.184469	0.178853	0.180654	0.185127
	0.218169	0.179686	0.174164	0.176009	0.180488
	0.212139	0.175243	0.169417	0.171287	0.175773
	0.203784	0.171078	0.164663	0.166522	0.171012
	0.198648	0.167043	0.159952	0.161751	0.166239
	0.196718	0.162932	0.155315	0.157011	0.16149
	0.194807	0.158362	0.150751	0.152328	0.15679
	0.19154	0.153171	0.146244	0.14772	0.152159
	0.187872	0.148011	0.141769	0.143198	0.147613
	0.184782	0.143895	0.137321	0.138771	0.143164
	0.182224	0.140927	0.132944	0.134446	0.138826
	0.179776	0.138089	0.128725	0.130235	0.134609
	0.177284	0.134535	0.124744	0.126154	0.130525
	0.174814	0.130609	0.121036	0.122222	0.126583
	0.172416	0.127237	0.11757	0.118455	0.122789
	0.17007	0.124736	0.114265	0.114865	0.119149
	0.167749	0.122628	0.111029	0.111451	0.115666
	0.165445	0.120419	0.107842	0.108202	0.11234
	0.163153	0.118107	0.104812	0.1051	0.109165
	0.160863	0.115958	0.102086	0.102133	0.106136
	0.158573	0.114073	0.099687	0.0992943	0.103243
	0.156288	0.112339	0.0974724	0.0965899	0.100476
	0.154009	0.110625	0.0952809	0.0940281	0.0978259
	0.151734	0.108907	0.0931024	0.0916095	0.0952846
	0.149456	0.107215	0.0910535	0.0893192	0.0928456
	0.147171	0.105561	0.0892141	0.0871304	0.0905024
	0.144882	0.103926	0.0875332	0.0850161	0.088247
	0.142597	0.10229	0.0859016	0.0829649	0.08607
	0.140323	0.10065	0.0842705	0.0809844	0.0839609
	0.138054	0.0990076	0.082668	0.07909	0.0819099
	0.135775	0.0973662	0.0811326	0.077283	0.0799103
	0.133482	0.0957254	0.0796566	0.0755428	0.0779586
	0.131187	0.0940827	0.0782072	0.0738405	0.0760535
	0.128902	0.0924383	0.0767603	0.0721632	0.0741934
	0.12663	0.0907917	0.0753187	0.0705197	0.0723746
	0.124361	0.0891456	0.0738889	0.0689245	0.0705913
	0.122081	0.0874993	0.0724729	0.0673776	0.0688378
	0.11979	0.0858562	0.071063	0.0658634	0.0671109
	0.117497	0.0842134	0.0696558	0.0643669	0.0654109
	0.115212	0.0825732	0.0682504	0.0628855	0.0637397
	0.112934	0.0809305	0.0668487	0.0614258	0.0620983
	0.110659	0.0792891	0.0654511	0.0599918	0.0604844
	0.108381	0.0776468	0.0640562	0.0585803	0.0588939
	0.106098	0.0760095	0.0626644	0.0571847	0.0573237
	0.103812	0.0743733	0.0612744	0.0558022	0.0557735
	0.101526	0.072739	0.0598883	0.054434	0.0542455
	0.0992407	0.0711022	0.0585044	0.0530814	0.0527413
	0.0969566	0.0694636	0.0571247	0.0517439	0.0512599
	0.0946745	0.0678264	0.0557474	0.0504194	0.0497986
	0.0923954	0.0661887	0.0543739	0.0491064	0.0483557
	0.0901178	0.0645565	0.053003	0.0478045	0.0469315
	0.0878398	0.062919	0.051635	0.0465133	0.0455274
	0.0855573	0.0612872	0.0502699	0.045232	0.0441435
	0.0832711	0.0596466	0.0489076	0.0439597	0.0427788
	0.0809806	0.0580142	0.0475486	0.0426955	0.0414319
	0.078694	0.0563734	0.0461919	0.0414386	0.0401022
	0.0764088	0.0547408	0.0448376	0.0401882	0.0387895
	0.0741342	0.0531016	0.043485	0.0389437	0.0374937
	0.0718555	0.051467	0.0421346	0.0377044	0.0362141
	0.0695846	0.0498319	0.0407865	0.0364698	0.0349495
	0.067297	0.0481959	0.0394403	0.0352393	0.033699
	0.065019	0.0465659	0.0380959	0.0340124	0.032462
	0.0627189	0.0449272	0.0367527	0.032789	0.0312376
	0.0604412	0.0432979	0.0354108	0.0315688	0.0300251
	0.0581422	0.0416564	0.0340699	0.0303515	0.0288234
	0.0558747	0.0400252	0.0327299	0.0291368	0.0276318
	0.0535856	0.0383867	0.0313907	0.0279246	0.0264494
	0.0513189	0.0367541	0.030052	0.0267147	0.0252754
	0.0490388	0.0351225	0.028714	0.0255071	0.0241091
	0.0467517	0.0334878	0.0273766	0.0243018	0.0229497
	0.0444858	0.0318588	0.0260399	0.0230988	0.0217966
	0.0421651	0.0302216	0.0247039	0.0218981	0.0206492
	0.0399264	0.0285894	0.0233681	0.0206995	0.019507
	0.0375779	0.0269532	0.0220322	0.019503	0.0183694
	0.0353646	0.0253168	0.0206962	0.0183086	0.017236
	0.0330169	0.0236845	0.01936	0.0171162	0.0161064
	0.0307885	0.0220479	0.0180241	0.0159258	0.0149802
	0.0284915	0.0204164	0.0166884	0.0147372	0.0138571
	0.0261843	0.0187835	0.0153532	0.0135504	0.0127369
	0.0239779	0.0171488	0.0140182	0.0123653	0.0116193
	0.0215781	0.0155177	0.0126834	0.011182	0.0105041
	0.0194237	0.0138816	0.0113485	0.0100002	0.00939106
	0.0170333	0.0122466	0.0100134	0.00881992	0.00828018
	0.0147832	0.0106129	0.00867812	0.00764086	0.00717114
	0.0125608	0.00897559	0.00734269	0.00646299	0.00606401
	0.0101145	0.00734105	0.00600728	0.00528604	0.00495851
	0.00793828	0.00570724	0.00467196	0.00411013	0.00385463
	0.00562725	0.0040721	0.00333685	0.0029349	0.00275219
	0.00322021	0.0024401	0.00200203	0.00176061	0.0016508
	0.0010535	0.000811884	0.000667295	0.000586669	0.000550215
	0.250099	0.218338	0.212119	0.213895	0.218372
	0.249567	0.217385	0.211122	0.212892	0.217369
	0.248988	0.215756	0.209406	0.211165	0.21564
	0.247658	0.213418	0.206955	0.208699	0.213171
	0.244899	0.210404	0.203821	0.205546	0.210015
	0.241748	0.206817	0.200143	0.201851	0.206318
	0.237315	0.202772	0.196103	0.1978	0.202264
	0.228818	0.198398	0.191859	0.193558	0.19802
	0.21899	0.193815	0.187508	0.189223	0.193686
	0.215136	0.189069	0.183082	0.184831	0.189297
	0.217605	0.184259	0.178583	0.180376	0.184847
	0.218408	0.179627	0.174014	0.175848	0.180325
	0.212667	0.175338	0.169394	0.171249	0.175732
	0.20442	0.171299	0.164764	0.166602	0.171088
	0.199252	0.167344	0.160169	0.161937	0.16642
	0.197299	0.163306	0.155632	0.157288	0.161761
	0.195422	0.158858	0.151151	0.152684	0.157137
	0.192174	0.153815	0.146709	0.148144	0.152572
	0.18846	0.148736	0.142289	0.143681	0.148083
	0.185285	0.144608	0.137892	0.139305	0.143684
	0.182652	0.141636	0.133564	0.135024	0.139388
	0.180148	0.138874	0.12939	0.130848	0.135206
	0.1776	0.135416	0.125446	0.126792	0.131148
	0.175067	0.131503	0.12176	0.122877	0.127222
	0.172613	0.128061	0.118302	0.11912	0.123436
	0.170225	0.125482	0.114997	0.115532	0.119795
	0.167873	0.123332	0.111759	0.112113	0.116303
	0.165539	0.12108	0.108561	0.108852	0.112962
	0.163219	0.118691	0.1055	0.105733	0.109767
	0.16091	0.116438	0.102729	0.102742	0.106712
	0.158609	0.114459	0.100292	0.0998724	0.103791
	0.156317	0.112651	0.0980537	0.0971332	0.100992
	0.154033	0.110877	0.0958369	0.0945354	0.0983089
	0.15175	0.109102	0.0936114	0.0920822	0.0957333
	0.149463	0.107359	0.0914985	0.08976	0.0932598
	0.147172	0.105665	0.0895993	0.0875411	0.0908829
	0.144884	0.104	0.0878742	0.0853967	0.0885959
	0.142605	0.102342	0.0862056	0.0833134	0.0863897
	0.140333	0.100686	0.0845323	0.0812993	0.0842539
	0.138058	0.0990321	0.0828829	0.0793732	0.0821782
	0.135769	0.0973832	0.0813052	0.0775405	0.0801554
	0.133474	0.0957376	0.079797	0.0757804	0.0781821
	0.131185	0.0940918	0.0783226	0.07406	0.0762575
	0.128908	0.0924455	0.0768531	0.0723623	0.0743808
	0.126639	0.0907976	0.075391	0.070697	0.0725486
	0.124364	0.089151	0.0739444	0.0690826	0.0707543
	0.122077	0.087505	0.0725164	0.0675215	0.0689912
	0.119782	0.0858624	0.0710983	0.0659961	0.067255
	0.117493	0.0842193	0.069685	0.0644881	0.065546
	0.115213	0.0825778	0.0682749	0.0629942	0.063867
	0.112939	0.0809336	0.0668694	0.0615231	0.0622193
	0.110664	0.0792918	0.0654692	0.0600805	0.0606007
	0.108382	0.0776502	0.0640725	0.0586627	0.0590061
	0.106096	0.0760136	0.0626797	0.0572616	0.0574314
	0.103808	0.074377	0.0612891	0.0558734	0.0558765
	0.101522	0.0727411	0.0599026	0.0544996	0.0543442
	0.0992395	0.0711028	0.0585184	0.0531421	0.0528368
	0.0969585	0.0694636	0.0571383	0.0518005	0.0513531
	0.0946782	0.067827	0.0557607	0.0504723	0.0498896
	0.0923986	0.0661899	0.0543868	0.0491555	0.048444
	0.0901188	0.0645582	0.0530155	0.0478498	0.0470169
	0.0878381	0.0629204	0.051647	0.0465549	0.04561
	0.085554	0.061288	0.0502817	0.0452702	0.0442238
	0.0832682	0.0596466	0.048919	0.0439947	0.0428568
	0.0809796	0.0580138	0.0475595	0.0427274	0.0415074
	0.0786954	0.056373	0.0462021	0.0414675	0.0401747
	0.0764116	0.0547407	0.0448469	0.0402144	0.038859
	0.0741369	0.0531022	0.0434937	0.0389674	0.0375601
	0.0718567	0.0514678	0.0421427	0.0377258	0.0362774
	0.069584	0.0498329	0.040794	0.036489	0.0350096
	0.0672949	0.0481962	0.0394473	0.0352567	0.0337557
	0.0650167	0.0465658	0.0381023	0.0340284	0.0325152
	0.0627175	0.0449266	0.0367584	0.0328037	0.0312874
	0.0604412	0.0432973	0.0354157	0.0315823	0.0300714
	0.0581435	0.0416563	0.0340742	0.0303641	0.0288664
	0.0558765	0.0400251	0.0327336	0.0291486	0.0276716
	0.0535873	0.0383874	0.031394	0.0279358	0.026486
	0.0513197	0.0367545	0.0300549	0.0267254	0.0253089
	0.0490388	0.035123	0.0287165	0.0255174	0.0241397
	0.0467506	0.0334879	0.0273788	0.0243118	0.0229777
	0.0444846	0.0318585	0.0260418	0.0231085	0.0218221
	0.0421639	0.0302216	0.0247053	0.0219075	0.0206724
	0.0399259	0.0285888	0.0233692	0.0207086	0.019528
	0.0375781	0.0269533	0.022033	0.0195118	0.0183885
	0.0353649	0.0253167	0.0206969	0.0183171	0.0172533
	0.0330181	0.0236844	0.0193607	0.0171244	0.0161222
	0.0307887	0.0220484	0.0180246	0.0159336	0.0149945
	0.0284922	0.0204162	0.0166889	0.0147447	0.0138702
	0.0261838	0.0187839	0.0153535	0.0135575	0.0127488
	0.0239766	0.0171489	0.0140185	0.012372	0.0116303
	0.0215774	0.0155173	0.0126836	0.0111881	0.0105141
	0.0194208	0.0138819	0.0113486	0.0100059	0.00940032
	0.0170325	0.0122461	0.0100135	0.00882508	0.0082885
	0.0147814	0.0106127	0.00867822	0.00764554	0.00717884
	0.0125581	0.00897565	0.00734276	0.00646709	0.00607079
	0.0101143	0.00734046	0.00600734	0.00528963	0.00496458
	0.00793307	0.00570733	0.00467202	0.00411304	0.00385961
	0.0056251	0.00407225	0.00333689	0.00293723	0.00275627
	0.003223	0.00243979	0.00200206	0.00176208	0.00165348
	0.00105342	0.000811743	0.000667313	0.000587481	0.000551696
	0.247848	0.216033	0.209807	0.211582	0.21606
	0.247443	0.215206	0.208935	0.210705	0.215181
	0.24708	0.213793	0.207434	0.209191	0.213666
	0.246059	0.211756	0.205282	0.207023	0.211495
	0.243704	0.209097	0.202498	0.20422	0.208689
	0.24098	0.205858	0.199165	0.200869	0.205335
	0.236844	0.202099	0.19541	0.197103	0.201566
	0.228476	0.19793	0.191367	0.193061	0.197522
	0.218729	0.193477	0.187145	0.188854	0.193316
	0.214998	0.188826	0.182806	0.184548	0.189012
	0.217616	0.184113	0.178384	0.180168	0.184637
	0.218576	0.179583	0.173897	0.175719	0.180194
	0.212987	0.175377	0.169367	0.171208	0.175688
	0.204832	0.171401	0.164828	0.166648	0.17113
	0.199675	0.167518	0.160315	0.162064	0.166542
	0.197714	0.163579	0.155849	0.157485	0.161952
	0.195848	0.15925	0.151428	0.15294	0.157387
	0.192613	0.154307	0.147037	0.148449	0.152871
	0.188884	0.149267	0.142664	0.144029	0.148424
	0.185662	0.145127	0.138311	0.13969	0.144062
	0.182975	0.142157	0.134022	0.135441	0.139797
	0.180427	0.139456	0.129878	0.131292	0.13564
	0.177837	0.136072	0.125957	0.127259	0.131602
	0.175262	0.13217	0.122285	0.123359	0.127689
	0.172769	0.128666	0.118831	0.11961	0.12391
	0.170351	0.126014	0.115527	0.116023	0.12027
	0.167973	0.123822	0.112294	0.112599	0.116773
	0.165614	0.121543	0.109099	0.10933	0.113421
	0.163272	0.119107	0.106025	0.106199	0.110212
	0.160949	0.116785	0.103221	0.103191	0.107139
	0.158642	0.11474	0.100749	0.100301	0.104197
	0.156346	0.112883	0.0984895	0.0975381	0.101376
	0.154052	0.111069	0.0962563	0.0949141	0.0986685
	0.151759	0.109256	0.0939988	0.0924349	0.0960682
	0.149465	0.107477	0.0918345	0.0900883	0.0935697
	0.147174	0.105753	0.0898823	0.0878475	0.0911683
	0.144891	0.104065	0.0881189	0.0856826	0.0888577
	0.142616	0.10239	0.086423	0.0835782	0.0866296
	0.140339	0.10072	0.0847213	0.0815409	0.0844737
	0.138054	0.0990576	0.0830382	0.0795908	0.0823797
	0.135761	0.097402	0.0814287	0.077737	0.08034
	0.13347	0.0957511	0.0798969	0.0759611	0.0783508
	0.131189	0.0941012	0.0784059	0.0742274	0.0764118
	0.128918	0.0924523	0.0769222	0.0725147	0.0745226
	0.126645	0.0908032	0.0754464	0.0708318	0.0726801
	0.124362	0.0891566	0.0739883	0.0692007	0.0708776
	0.122069	0.0875107	0.0725519	0.067627	0.0691073
	0.119777	0.0858676	0.071128	0.0660929	0.0673644
	0.117492	0.0842232	0.0697102	0.0645767	0.0656488
	0.115218	0.0825801	0.0682964	0.0630737	0.0639634
	0.112945	0.0809352	0.0668878	0.061594	0.0623106
	0.110667	0.079294	0.0654852	0.0601451	0.0606881
	0.108381	0.0776536	0.0640868	0.058723	0.0590904
	0.106092	0.0760172	0.062693	0.0573182	0.0575124
	0.103804	0.0743794	0.0613016	0.055926	0.0559537
	0.101521	0.0727417	0.0599146	0.0545481	0.054418
	0.0992407	0.0711025	0.0585299	0.0531873	0.052908
	0.0969614	0.0694636	0.0571493	0.0518428	0.0514224
	0.0946812	0.0678279	0.0557712	0.0505119	0.0499572
	0.0924002	0.0661915	0.0543967	0.0491925	0.0485096
	0.0901182	0.0645597	0.053025	0.0478839	0.0470803
	0.0878358	0.0629212	0.0516563	0.0465863	0.0456714
	0.0855512	0.0612881	0.0502908	0.0452991	0.0442834
	0.0832664	0.0596463	0.0489278	0.0440213	0.0429148
	0.0809797	0.0580134	0.0475677	0.0427517	0.0415635
	0.0786973	0.056373	0.0462096	0.0414897	0.0402287
	0.0764143	0.054741	0.0448538	0.0402344	0.0389107
	0.0741389	0.0531029	0.0435001	0.0389855	0.0376096
	0.0718572	0.0514685	0.0421488	0.0377421	0.0363246
	0.0695828	0.0498335	0.0407998	0.0365039	0.0350544
	0.0672928	0.0481964	0.0394526	0.0352702	0.0337981
	0.0650147	0.0465656	0.0381071	0.0340407	0.032555
	0.0627165	0.0449262	0.0367626	0.032815	0.0313246
	0.0604416	0.0432967	0.0354194	0.0315928	0.0301061
	0.058145	0.0416562	0.0340773	0.0303739	0.0288986
	0.0558785	0.0400253	0.0327364	0.0291578	0.0277014
	0.0535889	0.038388	0.0313964	0.0279444	0.0265134
	0.0513202	0.036755	0.0300572	0.0267336	0.0253341
	0.0490384	0.0351233	0.0287186	0.0255253	0.0241627
	0.0467495	0.033488	0.0273806	0.0243194	0.0229987
	0.0444833	0.0318581	0.0260432	0.0231159	0.0218413
	0.0421628	0.0302214	0.0247064	0.0219146	0.0206899
	0.0399254	0.0285884	0.02337	0.0207155	0.0195439
	0.0375784	0.0269532	0.0220337	0.0195185	0.018403
	0.0353655	0.0253169	0.0206974	0.0183235	0.0172664
	0.0330192	0.0236844	0.0193612	0.0171306	0.0161342
	0.0307893	0.0220489	0.0180251	0.0159395	0.0150054
	0.0284925	0.0204164	0.0166894	0.0147503	0.0138803
	0.0261837	0.018784	0.0153539	0.0135628	0.0127579
	0.0239754	0.0171491	0.0140188	0.012377	0.0116387
	0.0215763	0.0155169	0.0126838	0.0111928	0.0105216
	0.0194187	0.0138819	0.0113488	0.0100102	0.00940736
	0.0170312	0.0122459	0.0100136	0.00882899	0.00829483
	0.0147806	0.0106123	0.00867828	0.00764907	0.00718466
	0.0125569	0.00897577	0.00734283	0.00647016	0.00607587
	0.0101146	0.00734032	0.0060074	0.00529233	0.00496908
	0.00793107	0.00570726	0.00467209	0.0041152	0.00386324
	0.0056229	0.00407253	0.00333694	0.00293896	0.00275916
	0.00322464	0.00243979	0.00200209	0.00176314	0.00165541
	0.00105435	0.000811636	0.00066732	0.000588075	0.000552814
	0.246409	0.214558	0.208328	0.210102	0.21458
	0.246081	0.213806	0.20753	0.209298	0.213775
	0.245855	0.212519	0.206153	0.20791	0.212385
	0.245035	0.210658	0.204176	0.205916	0.210388
	0.24292	0.208211	0.201603	0.203323	0.207792
	0.24042	0.205192	0.198487	0.200189	0.204655
	0.236445	0.201631	0.194922	0.196613	0.201076
	0.228194	0.197614	0.191024	0.192715	0.197175
	0.218567	0.193263	0.186898	0.188603	0.193064
	0.21495	0.188677	0.182623	0.184359	0.188822
	0.217638	0.18401	0.178252	0.180027	0.184495
	0.21865	0.179515	0.173817	0.175628	0.180101
	0.213146	0.175348	0.169344	0.171172	0.175649
	0.205081	0.171438	0.164861	0.16667	0.171148
	0.19996	0.167653	0.160399	0.162141	0.166615
	0.197992	0.163806	0.155976	0.15761	0.162072
	0.19612	0.15953	0.151593	0.153104	0.157547
	0.192891	0.154611	0.147242	0.148645	0.153064
	0.189161	0.149588	0.14291	0.144252	0.148645
	0.185918	0.145464	0.138595	0.139937	0.144306
	0.183194	0.142512	0.134333	0.13571	0.140062
	0.180611	0.13984	0.130203	0.131582	0.135923
	0.177994	0.136486	0.126287	0.127566	0.131897
	0.175395	0.132587	0.12262	0.123678	0.127995
	0.172878	0.12905	0.119176	0.119934	0.124221
	0.170439	0.126356	0.115884	0.116347	0.120583
	0.168041	0.124138	0.11266	0.112919	0.117083
	0.165663	0.121844	0.109467	0.109642	0.113725
	0.163307	0.119383	0.106377	0.106504	0.110506
	0.160978	0.117023	0.103544	0.103488	0.107421
	0.15867	0.114936	0.101045	0.100588	0.104465
	0.156367	0.113045	0.0987697	0.097811	0.101629
	0.154062	0.111204	0.0965263	0.0951702	0.0989068
	0.15176	0.109366	0.0942483	0.0926725	0.0962907
	0.149466	0.107563	0.0920497	0.0903083	0.0937763
	0.147182	0.105817	0.0900626	0.0880522	0.091359
	0.144903	0.104112	0.0882755	0.0858743	0.089033
	0.142622	0.102425	0.0865652	0.0837564	0.0867903
	0.140337	0.100745	0.0848477	0.0817028	0.0846211
	0.138047	0.0990763	0.083144	0.0797345	0.0825151
	0.135757	0.0974158	0.0815142	0.0778647	0.0804644
	0.133472	0.0957606	0.0799674	0.0760778	0.0784651
	0.131197	0.094107	0.0784661	0.0743363	0.0765165
	0.128924	0.0924561	0.0769734	0.0726145	0.0746187
	0.126645	0.090807	0.0754883	0.0709198	0.0727687
	0.124356	0.089161	0.0740218	0.069277	0.07096
	0.122063	0.0875151	0.072579	0.0676953	0.0691847
	0.119774	0.0858707	0.0711505	0.0661564	0.0674372
	0.117496	0.0842247	0.0697291	0.064636	0.0657168
	0.115224	0.0825807	0.0683122	0.0631277	0.0640268
	0.112949	0.0809363	0.066901	0.0616424	0.0623701
	0.110666	0.0792963	0.0654965	0.0601891	0.060745
	0.108377	0.0776566	0.0640967	0.0587641	0.0591455
	0.106088	0.0760196	0.0627018	0.0573568	0.0575658
	0.103802	0.0743804	0.0613099	0.0559619	0.0560049
	0.101522	0.0727414	0.0599225	0.0545813	0.0544669
	0.0992433	0.071102	0.0585375	0.053218	0.0529553
	0.0969644	0.0694639	0.0571564	0.0518715	0.0514686
	0.0946829	0.0678292	0.0557778	0.0505388	0.0500024
	0.0924001	0.0661931	0.0544029	0.0492175	0.0485535
	0.0901164	0.0645607	0.0530311	0.0479071	0.0471227
	0.0878334	0.0629213	0.0516624	0.0466076	0.0457124
	0.0855492	0.0612876	0.0502969	0.0453187	0.0443232
	0.0832658	0.0596458	0.0489336	0.0440392	0.0429535
	0.0809807	0.0580133	0.0475729	0.0427681	0.0416008
	0.0786994	0.0563733	0.0462143	0.0415046	0.0402645
	0.0764165	0.0547415	0.0448582	0.040248	0.038945
	0.0741402	0.0531035	0.0435044	0.0389977	0.0376424
	0.071857	0.051469	0.0421529	0.0377532	0.0363558
	0.0695813	0.0498339	0.0408037	0.0365138	0.0350841
	0.0672907	0.0481964	0.0394562	0.0352793	0.0338261
	0.0650131	0.0465653	0.0381102	0.034049	0.0325813
	0.062716	0.0449258	0.0367654	0.0328227	0.0313492
	0.0604425	0.0432964	0.0354218	0.0315999	0.0301291
	0.0581468	0.0416563	0.0340795	0.0303804	0.0289201
	0.0558803	0.0400256	0.0327383	0.0291639	0.0277212
	0.0535902	0.0383885	0.0313982	0.0279501	0.0265317
	0.0513205	0.0367555	0.0300588	0.026739	0.0253509
	0.0490377	0.0351235	0.02872	0.0255305	0.0241782
	0.0467481	0.033488	0.0273818	0.0243245	0.0230129
	0.0444819	0.0318577	0.0260442	0.0231208	0.0218542
	0.0421619	0.0302211	0.0247071	0.0219194	0.0207017
	0.0399251	0.0285881	0.0233705	0.0207201	0.0195546
	0.0375788	0.026953	0.0220341	0.0195229	0.0184128
	0.0353662	0.0253171	0.0206978	0.0183278	0.0172753
	0.0330201	0.0236846	0.0193615	0.0171347	0.0161423
	0.0307901	0.0220493	0.0180254	0.0159434	0.0150128
	0.0284927	0.0204166	0.0166897	0.0147541	0.013887
	0.0261835	0.0187841	0.0153542	0.0135664	0.012764
	0.0239744	0.0171492	0.014019	0.0123804	0.0116443
	0.0215752	0.0155167	0.012684	0.011196	0.0105268
	0.0194172	0.0138817	0.0113488	0.0100131	0.00941209
	0.0170299	0.0122458	0.0100136	0.00883159	0.00829908
	0.01478	0.0106119	0.00867832	0.00765142	0.00718852
	0.0125565	0.00897579	0.00734288	0.00647219	0.00607924
	0.0101154	0.00734038	0.00600744	0.00529411	0.00497202
	0.007931	0.00570723	0.00467214	0.00411661	0.00386561
	0.00562153	0.00407277	0.003337	0.00294009	0.00276103
	0.00322499	0.00243997	0.00200212	0.00176383	0.00165668
	0.00105502	0.000811614	0.000667324	0.000588468	0.000553554
	0.245709	0.213838	0.207606	0.20938	0.213857
	0.24542	0.213121	0.206842	0.20861	0.213087
	0.245263	0.211892	0.205524	0.20728	0.211755
	0.244536	0.210112	0.203627	0.205366	0.209838
	0.242514	0.207764	0.201152	0.202872	0.207341
	0.240103	0.204852	0.19814	0.199842	0.204307
	0.236221	0.201391	0.194671	0.19636	0.200823
	0.22806	0.197456	0.190847	0.192536	0.196996
	0.218508	0.193165	0.186772	0.188475	0.192935
	0.214935	0.188611	0.182531	0.184263	0.188726
	0.21764	0.183948	0.178187	0.179956	0.184423
	0.218672	0.179447	0.173777	0.175581	0.180053
	0.213211	0.175298	0.16933	0.171152	0.175627
	0.2052	0.171455	0.164874	0.166678	0.171154
	0.200108	0.167754	0.160434	0.162176	0.166648
	0.198137	0.163953	0.156031	0.15767	0.16213
	0.196258	0.15967	0.151668	0.153183	0.157625
	0.193026	0.154736	0.147339	0.14874	0.153159
	0.189292	0.149726	0.143031	0.14436	0.148753
	0.186041	0.145632	0.13874	0.140057	0.144427
	0.183304	0.142697	0.134495	0.135842	0.140193
	0.180704	0.140029	0.130368	0.131724	0.136062
	0.178072	0.13668	0.126448	0.127718	0.132044
	0.17546	0.132786	0.122781	0.123837	0.128146
	0.172933	0.129242	0.119346	0.120096	0.124375
	0.170484	0.126532	0.116068	0.116508	0.120738
	0.168074	0.124301	0.112852	0.113077	0.117238
	0.165686	0.121998	0.109654	0.109797	0.113876
	0.163326	0.119525	0.106549	0.106654	0.110652
	0.160999	0.117146	0.103697	0.103635	0.107562
	0.158687	0.115037	0.101183	0.100732	0.104599
	0.156374	0.113127	0.0989009	0.09795	0.101756
	0.154062	0.111271	0.0966538	0.0953012	0.0990255
	0.15176	0.10942	0.0943675	0.0927936	0.0964018
	0.149472	0.107604	0.0921547	0.0904195	0.0938797
	0.147192	0.105848	0.0901535	0.0881551	0.0914547
	0.144909	0.104135	0.0883577	0.0859703	0.0891211
	0.142621	0.102442	0.0866419	0.083845	0.0868712
	0.140331	0.100758	0.0849171	0.0817819	0.0846953
	0.138042	0.0990858	0.0832027	0.079803	0.0825835
	0.135757	0.0974227	0.0815619	0.0779244	0.0805276
	0.133478	0.0957652	0.0800067	0.0761322	0.0785234
	0.131204	0.0941099	0.0784992	0.0743879	0.07657
	0.128926	0.0924584	0.0770008	0.0726625	0.0746675
	0.126642	0.0908097	0.0755099	0.0709626	0.0728132
	0.12435	0.089164	0.0740384	0.0693147	0.0710011
	0.122059	0.0875174	0.0725918	0.0677299	0.069223
	0.119776	0.0858718	0.0711607	0.0661897	0.067473
	0.117501	0.0842248	0.0697374	0.064668	0.06575
	0.115228	0.0825809	0.0683189	0.0631573	0.0640574
	0.11295	0.0809374	0.0669065	0.0616691	0.0623985
	0.110663	0.0792982	0.0655011	0.0602133	0.0607722
	0.108373	0.0776584	0.0641008	0.0587865	0.0591722
	0.106085	0.0760205	0.0627058	0.0573776	0.0575919
	0.103802	0.0743801	0.0613138	0.055981	0.0560303
	0.101524	0.0727408	0.0599263	0.0545986	0.0544914
	0.0992464	0.0711018	0.0585411	0.0532337	0.052979
	0.0969663	0.0694646	0.0571598	0.0518859	0.051492
	0.0946831	0.0678305	0.055781	0.0505521	0.0500255
	0.0923988	0.0661941	0.0544061	0.0492297	0.048576
	0.0901143	0.0645609	0.0530344	0.0479182	0.0471444
	0.0878315	0.0629209	0.0516658	0.0466178	0.0457334
	0.0855482	0.0612869	0.0503001	0.045328	0.0443436
	0.0832661	0.0596454	0.0489365	0.0440477	0.0429732
	0.0809821	0.0580134	0.0475755	0.0427758	0.0416198
	0.0787014	0.0563738	0.0462166	0.0415116	0.0402827
	0.076418	0.054742	0.0448604	0.0402544	0.0389623
	0.0741406	0.053104	0.0435066	0.0390035	0.0376589
	0.0718562	0.0514693	0.0421552	0.0377584	0.0363716
	0.0695797	0.0498339	0.0408058	0.0365187	0.0350989
	0.067289	0.0481963	0.0394581	0.0352837	0.03384
	0.0650121	0.0465651	0.0381118	0.0340531	0.0325944
	0.0627161	0.0449256	0.0367667	0.0328265	0.0313615
	0.0604437	0.0432963	0.0354229	0.0316035	0.0301406
	0.0581486	0.0416564	0.0340805	0.0303837	0.0289307
	0.0558819	0.0400259	0.0327393	0.0291669	0.027731
	0.053591	0.0383889	0.0313991	0.027953	0.0265407
	0.0513204	0.036756	0.0300596	0.0267418	0.0253593
	0.0490368	0.0351236	0.0287207	0.0255332	0.0241858
	0.0467468	0.033488	0.0273824	0.0243271	0.0230199
	0.0444807	0.0318574	0.0260447	0.0231233	0.0218605
	0.0421612	0.0302207	0.0247075	0.0219218	0.0207075
	0.039925	0.0285879	0.0233707	0.0207224	0.0195598
	0.0375794	0.0269529	0.0220343	0.0195252	0.0184176
	0.0353671	0.0253173	0.0206979	0.0183299	0.0172797
	0.0330209	0.0236848	0.0193617	0.0171367	0.0161463
	0.0307907	0.0220496	0.0180257	0.0159454	0.0150164
	0.0284928	0.0204169	0.0166899	0.014756	0.0138903
	0.0261834	0.0187841	0.0153544	0.0135682	0.012767
	0.0239736	0.0171493	0.0140192	0.0123821	0.0116471
	0.0215742	0.0155165	0.012684	0.0111975	0.0105293
	0.0194161	0.0138815	0.0113489	0.0100146	0.00941446
	0.0170289	0.0122457	0.0100137	0.00883288	0.00830121
	0.0147796	0.0106118	0.00867833	0.00765259	0.00719046
	0.0125564	0.00897577	0.0073429	0.0064732	0.00608092
	0.0101164	0.00734052	0.00600748	0.00529498	0.00497348
	0.00793199	0.00570731	0.00467219	0.00411731	0.0038668
	0.00562111	0.004073	0.00333704	0.00294064	0.00276198
	0.00322472	0.00244019	0.00200215	0.00176417	0.00165734
	0.00105523	0.000811655	0.000667331	0.00058866	0.000553942
	0.245709	0.213838	0.207606	0.20938	0.213857
	0.245421	0.213121	0.206842	0.20861	0.213087
	0.245263	0.211892	0.205524	0.20728	0.211755
	0.244537	0.210112	0.203627	0.205366	0.209838
	0.242517	0.207764	0.201152	0.202872	0.207341
	0.240101	0.204852	0.19814	0.199842	0.204307
	0.236212	0.201391	0.194671	0.19636	0.200823
	0.228056	0.197456	0.190847	0.192536	0.196996
	0.218513	0.193165	0.186772	0.188475	0.192935
	0.214942	0.188611	0.182532	0.184263	0.188726
	0.217642	0.183948	0.178187	0.179956	0.184423
	0.218666	0.179447	0.173777	0.175581	0.180053
	0.213204	0.175297	0.16933	0.171151	0.175627
	0.205201	0.171455	0.164873	0.166678	0.171154
	0.200115	0.167755	0.160434	0.162176	0.166648
	0.19814	0.163954	0.156031	0.15767	0.16213
	0.196255	0.15967	0.151669	0.153183	0.157625
	0.193025	0.154734	0.147339	0.14874	0.153159
	0.189294	0.149726	0.143031	0.14436	0.148753
	0.186043	0.145633	0.13874	0.140057	0.144427
	0.183304	0.142698	0.134495	0.135842	0.140193
	0.180702	0.140029	0.130368	0.131724	0.136062
	0.178073	0.13668	0.126448	0.127718	0.132044
	0.175464	0.132785	0.122781	0.123837	0.128146
	0.172934	0.129242	0.119347	0.120096	0.124375
	0.170477	0.126532	0.116068	0.116508	0.120738
	0.168068	0.124301	0.112852	0.113077	0.117238
	0.165689	0.121998	0.109653	0.109797	0.113876
	0.163336	0.119525	0.106549	0.106654	0.110652
	0.161004	0.117145	0.103697	0.103635	0.107562
	0.158681	0.115037	0.101183	0.100732	0.104599
	0.156365	0.113128	0.0989009	0.09795	0.101756
	0.154058	0.111272	0.0966538	0.0953012	0.0990255
	0.151765	0.10942	0.0943675	0.0927937	0.0964018
	0.149481	0.107604	0.0921547	0.0904195	0.0938798
	0.147195	0.105847	0.0901535	0.0881551	0.0914547
	0.144906	0.104135	0.0883577	0.0859702	0.0891211
	0.142615	0.102442	0.0866419	0.083845	0.0868712
	0.140327	0.100759	0.0849171	0.0817819	0.0846953
	0.138042	0.0990859	0.0832027	0.079803	0.0825835
	0.135762	0.0974221	0.0815619	0.0779244	0.0805276
	0.133484	0.0957648	0.0800067	0.0761322	0.0785234
	0.131206	0.0941106	0.0784991	0.0743879	0.07657
	0.128924	0.0924599	0.0770007	0.0726625	0.0746675
	0.126636	0.0908108	0.0755099	0.0709626	0.0728132
	0.124346	0.0891641	0.0740384	0.0693147	0.0710011
	0.122059	0.0875165	0.072592	0.0677299	0.069223
	0.11978	0.0858706	0.0711609	0.0661897	0.067473
	0.117506	0.0842241	0.0697375	0.064668	0.06575
	0.11523	0.0825812	0.0683188	0.0631574	0.0640574
	0.112947	0.0809384	0.0669063	0.0616691	0.0623985
	0.110659	0.0792991	0.065501	0.0602133	0.0607722
	0.108369	0.0776585	0.0641008	0.0587865	0.0591721
	0.106084	0.0760197	0.062706	0.0573776	0.0575919
	0.103804	0.0743791	0.061314	0.055981	0.0560303
	0.101527	0.0727402	0.0599263	0.0545986	0.0544914
	0.0992487	0.0711021	0.0585409	0.0532337	0.052979
	0.0969669	0.0694655	0.0571596	0.051886	0.051492
	0.094682	0.0678314	0.055781	0.0505521	0.0500255
	0.0923968	0.0661944	0.0544062	0.0492297	0.048576
	0.0901125	0.0645605	0.0530346	0.0479182	0.0471445
	0.0878304	0.06292	0.0516659	0.0466177	0.0457334
	0.0855483	0.0612862	0.0503	0.045328	0.0443436
	0.0832671	0.0596452	0.0489363	0.0440477	0.0429732
	0.0809837	0.0580137	0.0475753	0.0427758	0.0416198
	0.0787028	0.0563742	0.0462165	0.0415116	0.0402827
	0.0764188	0.0547424	0.0448604	0.0402543	0.0389624
	0.0741405	0.0531042	0.0435068	0.0390035	0.037659
	0.0718551	0.0514693	0.0421554	0.0377584	0.0363716
	0.0695782	0.0498338	0.0408059	0.0365187	0.0350989
	0.0672877	0.0481962	0.039458	0.0352837	0.03384
	0.0650116	0.0465649	0.0381116	0.0340532	0.0325944
	0.0627166	0.0449255	0.0367666	0.0328265	0.0313615
	0.060445	0.0432963	0.0354229	0.0316035	0.0301406
	0.0581501	0.0416566	0.0340806	0.0303836	0.0289306
	0.0558832	0.0400262	0.0327394	0.0291669	0.027731
	0.0535915	0.0383893	0.0313991	0.027953	0.0265407
	0.05132	0.0367563	0.0300596	0.0267418	0.0253593
	0.0490358	0.0351237	0.0287207	0.0255332	0.0241858
	0.0467456	0.0334879	0.0273824	0.0243271	0.0230199
	0.0444797	0.0318572	0.0260447	0.0231233	0.0218605
	0.0421607	0.0302204	0.0247074	0.0219218	0.0207075
	0.0399251	0.0285877	0.0233707	0.0207224	0.0195599
	0.03758	0.0269529	0.0220342	0.0195251	0.0184176
	0.0353679	0.0253174	0.0206979	0.0183299	0.0172797
	0.0330217	0.0236851	0.0193617	0.0171367	0.0161463
	0.0307912	0.0220499	0.0180257	0.0159454	0.0150164
	0.0284929	0.0204172	0.01669	0.014756	0.0138903
	0.0261832	0.0187842	0.0153545	0.0135682	0.012767
	0.0239731	0.0171493	0.0140192	0.0123821	0.0116471
	0.0215736	0.0155164	0.0126841	0.0111976	0.0105293
	0.0194155	0.0138813	0.0113489	0.0100146	0.00941445
	0.0170284	0.0122456	0.0100136	0.00883288	0.0083012
	0.0147797	0.0106117	0.00867831	0.00765257	0.00719045
	0.0125568	0.00897581	0.0073429	0.00647318	0.00608091
	0.0101176	0.00734066	0.0060075	0.00529497	0.00497348
	0.00793336	0.00570752	0.00467222	0.0041173	0.0038668
	0.00562152	0.00407324	0.00333708	0.00294064	0.00276198
	0.00322452	0.0024404	0.00200218	0.00176417	0.00165735
	0.00105518	0.000811724	0.000667339	0.000588659	0.000553951
	0.246409	0.214559	0.208328	0.210102	0.21458
	0.246081	0.213807	0.20753	0.209298	0.213775
	0.245853	0.21252	0.206153	0.20791	0.212385
	0.245036	0.210658	0.204176	0.205916	0.210388
	0.242924	0.20821	0.201603	0.203323	0.207792
	0.24042	0.205191	0.198487	0.200189	0.204655
	0.236441	0.201631	0.194922	0.196613	0.201076
	0.228192	0.197615	0.191024	0.192715	0.197175
	0.218566	0.193263	0.186898	0.188603	0.193064
	0.214948	0.188676	0.182623	0.184359	0.188822
	0.217641	0.18401	0.178252	0.180027	0.184495
	0.218655	0.179516	0.173817	0.175628	0.180101
	0.213141	0.175347	0.169344	0.171172	0.175649
	0.205074	0.171437	0.164861	0.16667	0.171148
	0.199961	0.167654	0.160399	0.162141	0.166615
	0.197995	0.163809	0.155976	0.15761	0.162072
	0.196122	0.159531	0.151593	0.153104	0.157547
	0.192892	0.15461	0.147242	0.148645	0.153064
	0.189159	0.149587	0.14291	0.144252	0.148645
	0.185916	0.145465	0.138595	0.139937	0.144306
	0.183195	0.142513	0.134333	0.13571	0.140062
	0.180612	0.13984	0.130203	0.131582	0.135923
	0.177997	0.136486	0.126287	0.127566	0.131897
	0.1754	0.132587	0.122621	0.123678	0.127995
	0.172877	0.12905	0.119176	0.119934	0.124221
	0.170429	0.126356	0.115884	0.116347	0.120583
	0.168032	0.124138	0.11266	0.112919	0.117083
	0.165667	0.121843	0.109466	0.109642	0.113725
	0.163321	0.119381	0.106377	0.106504	0.110506
	0.160987	0.117022	0.103545	0.103488	0.107421
	0.158663	0.114937	0.101045	0.100588	0.104465
	0.156351	0.113046	0.0987695	0.0978109	0.101629
	0.154054	0.111204	0.0965263	0.0951701	0.0989068
	0.151767	0.109365	0.0942484	0.0926726	0.0962907
	0.149481	0.107561	0.0920497	0.0903084	0.0937763
	0.147191	0.105815	0.0900626	0.0880522	0.091359
	0.144899	0.104112	0.0882755	0.0858742	0.089033
	0.14261	0.102426	0.086565	0.0837564	0.0867903
	0.140326	0.100747	0.0848475	0.0817028	0.0846211
	0.138045	0.0990768	0.083144	0.0797345	0.0825151
	0.135765	0.0974148	0.0815143	0.0778647	0.0804644
	0.133486	0.0957597	0.0799674	0.0760778	0.0784651
	0.131205	0.0941078	0.0784659	0.0743363	0.0765165
	0.12892	0.0924584	0.0769731	0.0726146	0.0746187
	0.126632	0.0908093	0.0754882	0.0709198	0.0727687
	0.124345	0.0891617	0.0740219	0.069277	0.07096
	0.122062	0.0875137	0.0725794	0.0676953	0.0691847
	0.119785	0.0858682	0.0711509	0.0661563	0.0674372
	0.117509	0.0842228	0.0697294	0.0646359	0.0657168
	0.115229	0.0825808	0.068312	0.0631277	0.0640268
	0.112944	0.0809382	0.0669006	0.0616424	0.0623701
	0.110655	0.0792985	0.0654961	0.0601892	0.060745
	0.108368	0.0776573	0.0640967	0.0587641	0.0591455
	0.106085	0.0760182	0.0627022	0.0573568	0.0575658
	0.103807	0.0743779	0.0613103	0.0559619	0.0560049
	0.10153	0.0727397	0.0599225	0.0545813	0.0544669
	0.09925	0.0711024	0.0585371	0.053218	0.0529553
	0.0969662	0.0694661	0.0571559	0.0518716	0.0514686
	0.0946802	0.0678316	0.0557777	0.0505389	0.0500024
	0.0923949	0.066194	0.0544032	0.0492175	0.0485535
	0.0901113	0.0645596	0.0530316	0.047907	0.0471227
	0.0878303	0.0629191	0.0516628	0.0466076	0.0457124
	0.085549	0.0612857	0.0502969	0.0453187	0.0443232
	0.0832684	0.0596452	0.0489332	0.0440393	0.0429535
	0.080985	0.058014	0.0475724	0.0427681	0.0416008
	0.0787037	0.0563746	0.0462139	0.0415045	0.0402645
	0.0764189	0.0547427	0.0448581	0.0402478	0.038945
	0.0741399	0.0531041	0.0435047	0.0389976	0.0376424
	0.071854	0.0514691	0.0421534	0.0377531	0.0363558
	0.069577	0.0498336	0.040804	0.0365138	0.0350841
	0.0672869	0.048196	0.0394562	0.0352793	0.0338261
	0.0650115	0.0465648	0.0381099	0.0340491	0.0325813
	0.0627174	0.0449255	0.036765	0.0328227	0.0313492
	0.0604463	0.0432964	0.0354216	0.0315999	0.0301291
	0.0581515	0.0416568	0.0340795	0.0303803	0.02892
	0.0558841	0.0400265	0.0327385	0.0291637	0.0277212
	0.0535917	0.0383896	0.0313983	0.02795	0.0265317
	0.0513195	0.0367565	0.0300589	0.026739	0.025351
	0.0490348	0.0351238	0.0287201	0.0255306	0.0241782
	0.0467445	0.0334878	0.0273819	0.0243245	0.0230129
	0.0444789	0.031857	0.0260442	0.0231208	0.0218541
	0.0421604	0.0302202	0.024707	0.0219193	0.0207017
	0.0399254	0.0285875	0.0233704	0.02072	0.0195546
	0.0375806	0.0269529	0.0220339	0.0195228	0.0184128
	0.0353688	0.0253175	0.0206977	0.0183277	0.0172753
	0.0330224	0.0236854	0.0193616	0.0171346	0.0161423
	0.0307916	0.0220501	0.0180257	0.0159434	0.0150127
	0.0284929	0.0204173	0.01669	0.0147541	0.013887
	0.0261829	0.0187844	0.0153545	0.0135664	0.012764
	0.0239728	0.0171492	0.0140192	0.0123805	0.0116443
	0.0215733	0.0155164	0.0126841	0.011196	0.0105268
	0.0194153	0.0138813	0.0113488	0.0100132	0.00941207
	0.0170285	0.0122455	0.0100136	0.00883158	0.00829907
	0.0147801	0.0106118	0.00867827	0.00765138	0.00718852
	0.0125578	0.00897592	0.00734288	0.00647214	0.00607923
	0.010119	0.00734081	0.00600751	0.00529407	0.004972
	0.00793484	0.00570783	0.00467226	0.0041166	0.0038656
	0.00562257	0.0040735	0.00333712	0.00294009	0.00276101
	0.00322464	0.00244058	0.00200221	0.00176384	0.00165668
	0.00105499	0.000811809	0.000667349	0.000588464	0.000553571
	0.247848	0.216034	0.209807	0.211582	0.21606
	0.247442	0.215208	0.208935	0.210705	0.215181
	0.247077	0.213794	0.207434	0.209191	0.213666
	0.246057	0.211756	0.205281	0.207023	0.211495
	0.243705	0.209095	0.202498	0.20422	0.208689
	0.240986	0.205855	0.199165	0.200869	0.205335
	0.236853	0.202099	0.19541	0.197103	0.201566
	0.228481	0.197932	0.191367	0.193061	0.197522
	0.21872	0.193478	0.187145	0.188854	0.193316
	0.214981	0.188826	0.182806	0.184548	0.189012
	0.217614	0.184113	0.178384	0.180168	0.184637
	0.218591	0.179584	0.173897	0.175719	0.180194
	0.212992	0.175377	0.169367	0.171208	0.175688
	0.20482	0.171401	0.164828	0.166648	0.17113
	0.199665	0.167519	0.160316	0.162064	0.166542
	0.197717	0.16358	0.155849	0.157486	0.161952
	0.195857	0.15925	0.151428	0.15294	0.157387
	0.192614	0.154309	0.147037	0.148449	0.152871
	0.188877	0.149269	0.142664	0.144029	0.148424
	0.18566	0.145127	0.138311	0.13969	0.144062
	0.18298	0.142156	0.134021	0.135441	0.139797
	0.180431	0.139455	0.129878	0.131292	0.13564
	0.177839	0.136072	0.125957	0.127259	0.131602
	0.175262	0.13217	0.122285	0.123359	0.127689
	0.172765	0.128665	0.118832	0.11961	0.12391
	0.170344	0.126014	0.115527	0.116023	0.12027
	0.167969	0.123822	0.112293	0.112599	0.116773
	0.165619	0.121541	0.109099	0.10933	0.113421
	0.163281	0.119104	0.106025	0.106199	0.110212
	0.160953	0.116785	0.103221	0.103191	0.107139
	0.158636	0.114741	0.100749	0.100301	0.104197
	0.156335	0.112884	0.098489	0.0975381	0.101376
	0.154047	0.111068	0.0962562	0.0949141	0.0986685
	0.151763	0.109255	0.093999	0.092435	0.0960682
	0.149474	0.107476	0.0918346	0.0900884	0.0935697
	0.147183	0.105752	0.0898825	0.0878474	0.0911683
	0.144893	0.104064	0.0881188	0.0856824	0.0888577
	0.142608	0.102391	0.0864226	0.0835782	0.0866296
	0.140327	0.100722	0.0847208	0.0815409	0.0844737
	0.138047	0.0990584	0.0830382	0.0795908	0.0823797
	0.135766	0.0974017	0.0814291	0.077737	0.0803399
	0.133484	0.0957509	0.0798971	0.0759609	0.0783508
	0.131201	0.0941021	0.0784055	0.0742274	0.0764118
	0.128916	0.0924542	0.0769216	0.0725148	0.0745226
	0.12663	0.0908052	0.0754461	0.0708319	0.0726801
	0.124346	0.0891575	0.0739885	0.0692007	0.0708776
	0.122066	0.0875099	0.0725525	0.067627	0.0691073
	0.119788	0.0858654	0.0711286	0.0660928	0.0673644
	0.11751	0.0842209	0.0697105	0.0645766	0.0656488
	0.115227	0.0825793	0.0682961	0.0630738	0.0639634
	0.11294	0.0809366	0.0668872	0.0615942	0.0623106
	0.110652	0.0792966	0.0654848	0.0601453	0.0606881
	0.108368	0.0776551	0.0640869	0.058723	0.0590904
	0.106088	0.0760163	0.0626934	0.0573181	0.0575124
	0.10381	0.0743765	0.0613019	0.0559259	0.0559537
	0.101532	0.0727391	0.0599144	0.0545481	0.054418
	0.0992499	0.0711023	0.0585295	0.0531874	0.052908
	0.0969646	0.069466	0.0571489	0.0518429	0.0514224
	0.0946782	0.0678312	0.0557711	0.050512	0.0499572
	0.0923935	0.0661931	0.0543969	0.0491924	0.0485096
	0.090111	0.0645584	0.0530255	0.0478839	0.0470803
	0.0878309	0.0629181	0.0516567	0.0465863	0.0456714
	0.0855501	0.0612852	0.0502909	0.0452992	0.0442835
	0.0832696	0.0596451	0.0489275	0.0440214	0.0429148
	0.0809858	0.0580142	0.047567	0.0427518	0.0415635
	0.078704	0.0563748	0.0462089	0.0414896	0.0402287
	0.0764186	0.0547426	0.0448536	0.0402343	0.0389107
	0.0741391	0.0531039	0.0435005	0.0389853	0.0376096
	0.071853	0.0514688	0.0421494	0.037742	0.0363246
	0.0695761	0.0498334	0.0408002	0.0365039	0.0350544
	0.0672865	0.0481959	0.0394526	0.0352702	0.0337981
	0.0650118	0.0465649	0.0381067	0.0340408	0.032555
	0.0627183	0.0449255	0.0367622	0.0328151	0.0313246
	0.0604475	0.0432966	0.0354191	0.0315928	0.0301061
	0.0581526	0.0416569	0.0340773	0.0303737	0.0288987
	0.0558848	0.0400268	0.0327365	0.0291576	0.0277014
	0.0535917	0.0383899	0.0313967	0.0279442	0.0265134
	0.051319	0.0367566	0.0300574	0.0267335	0.0253341
	0.0490338	0.0351239	0.0287188	0.0255253	0.0241628
	0.0467436	0.0334876	0.0273808	0.0243194	0.0229987
	0.0444782	0.0318568	0.0260433	0.0231159	0.0218413
	0.0421603	0.03022	0.0247063	0.0219145	0.0206899
	0.0399258	0.0285874	0.0233697	0.0207154	0.0195439
	0.0375812	0.0269531	0.0220334	0.0195184	0.018403
	0.0353696	0.0253176	0.0206973	0.0183234	0.0172664
	0.0330229	0.0236857	0.0193613	0.0171305	0.0161342
	0.030792	0.0220503	0.0180255	0.0159395	0.0150054
	0.0284929	0.0204175	0.0166899	0.0147503	0.0138802
	0.0261827	0.0187846	0.0153545	0.0135629	0.0127579
	0.0239726	0.017149	0.0140192	0.0123771	0.0116386
	0.0215731	0.0155164	0.012684	0.0111929	0.0105216
	0.0194155	0.0138812	0.0113488	0.0100103	0.00940735
	0.0170292	0.0122454	0.0100135	0.00882897	0.00829483
	0.014781	0.010612	0.00867821	0.00764901	0.00718466
	0.0125594	0.00897605	0.00734284	0.00647008	0.00607586
	0.0101206	0.00734104	0.00600752	0.00529227	0.00496904
	0.00793661	0.00570827	0.00467229	0.00411518	0.00386322
	0.00562424	0.00407373	0.00333717	0.00293898	0.00275914
	0.00322472	0.00244078	0.00200225	0.00176316	0.00165539
	0.00105464	0.000811936	0.00066736	0.000588073	0.00055282
	0.250099	0.218339	0.212119	0.213895	0.218372
	0.249566	0.217387	0.211122	0.212892	0.217369
	0.248986	0.215757	0.209406	0.211165	0.21564
	0.247656	0.213418	0.206955	0.208699	0.213171
	0.244897	0.210403	0.203821	0.205546	0.210015
	0.241749	0.206815	0.200143	0.201851	0.206318
	0.237322	0.202771	0.196103	0.1978	0.202264
	0.228831	0.198399	0.191859	0.193558	0.19802
	0.218994	0.193816	0.187508	0.189223	0.193686
	0.215122	0.189071	0.183083	0.184831	0.189297
	0.21759	0.18426	0.178583	0.180376	0.184847
	0.218412	0.179627	0.174014	0.175848	0.180325
	0.212676	0.175338	0.169394	0.171249	0.175732
	0.204414	0.171301	0.164765	0.166602	0.171088
	0.199241	0.167346	0.160169	0.161937	0.16642
	0.197304	0.163304	0.155632	0.157288	0.161761
	0.195431	0.158855	0.151151	0.152684	0.157137
	0.192169	0.153818	0.146709	0.148144	0.152572
	0.188451	0.148741	0.142288	0.143681	0.148083
	0.185289	0.144609	0.137892	0.139305	0.143684
	0.182664	0.141633	0.133564	0.135024	0.139388
	0.180154	0.138873	0.129389	0.130848	0.135206
	0.177595	0.135416	0.125446	0.126793	0.131148
	0.175059	0.131503	0.12176	0.122877	0.127222
	0.172607	0.128059	0.118302	0.11912	0.123436
	0.170225	0.125482	0.114997	0.115532	0.119795
	0.167877	0.123331	0.111758	0.112113	0.116303
	0.165544	0.121077	0.108561	0.108852	0.112962
	0.16322	0.118687	0.105501	0.105733	0.109767
	0.160906	0.116438	0.102729	0.102741	0.106712
	0.158605	0.114461	0.100291	0.0998723	0.103791
	0.156317	0.112653	0.0980532	0.0971331	0.100992
	0.154034	0.110876	0.0958366	0.0945355	0.098309
	0.15175	0.1091	0.0936115	0.0920824	0.0957333
	0.149462	0.107358	0.0914988	0.08976	0.0932598
	0.147174	0.105664	0.0895996	0.087541	0.0908829
	0.144889	0.103999	0.0878742	0.0853966	0.0885959
	0.142608	0.102343	0.086205	0.0833134	0.0863897
	0.140328	0.100686	0.0845316	0.0812994	0.0842539
	0.138047	0.0990331	0.0828827	0.0793733	0.0821782
	0.135765	0.0973842	0.0813057	0.0775404	0.0801554
	0.133482	0.0957388	0.0797974	0.0757803	0.078182
	0.131198	0.094093	0.0783224	0.07406	0.0762575
	0.128914	0.0924466	0.0768526	0.0723624	0.0743809
	0.126631	0.0907984	0.0753906	0.0706971	0.0725486
	0.124349	0.0891516	0.0739445	0.0690827	0.0707543
	0.122069	0.0875052	0.0725169	0.0675215	0.0689911
	0.11979	0.0858618	0.0710989	0.065996	0.067255
	0.117509	0.0842179	0.0696853	0.064488	0.065546
	0.115224	0.0825764	0.0682747	0.0629942	0.063867
	0.112937	0.0809336	0.0668689	0.0615232	0.0622193
	0.110651	0.0792936	0.0654689	0.0600807	0.0606007
	0.108369	0.0776523	0.0640725	0.0586628	0.0590061
	0.106091	0.076014	0.0626799	0.0572616	0.0574314
	0.103813	0.0743749	0.0612891	0.0558733	0.0558765
	0.101533	0.0727382	0.0599023	0.0544996	0.0543442
	0.0992487	0.0711017	0.058518	0.0531422	0.0528369
	0.0969626	0.0694654	0.0571381	0.0518006	0.0513531
	0.0946764	0.0678301	0.0557608	0.0504724	0.0498895
	0.0923928	0.0661918	0.054387	0.0491555	0.0484439
	0.0901114	0.0645571	0.0530157	0.0478497	0.0470169
	0.0878319	0.0629172	0.0516473	0.0465548	0.04561
	0.0855513	0.0612848	0.0502818	0.0452702	0.0442238
	0.0832704	0.0596451	0.0489189	0.0439948	0.0428569
	0.0809862	0.0580143	0.047559	0.0427274	0.0415074
	0.0787038	0.0563747	0.0462014	0.0414674	0.0401747
	0.0764181	0.0547425	0.0448466	0.0402142	0.038859
	0.0741383	0.0531035	0.0434939	0.0389672	0.0375602
	0.0718522	0.0514686	0.0421433	0.0377256	0.0362774
	0.0695756	0.0498331	0.0407945	0.036489	0.0350096
	0.0672865	0.0481959	0.0394473	0.0352567	0.0337558
	0.0650123	0.0465649	0.0381019	0.0340284	0.0325152
	0.0627192	0.0449256	0.0367579	0.0328037	0.0312874
	0.0604485	0.0432969	0.0354154	0.0315823	0.0300715
	0.0581534	0.041657	0.0340741	0.0303639	0.0288665
	0.0558852	0.0400271	0.0327337	0.0291484	0.0276716
	0.0535915	0.03839	0.0313942	0.0279356	0.026486
	0.0513184	0.0367567	0.0300552	0.0267253	0.0253089
	0.0490329	0.0351239	0.0287169	0.0255174	0.0241397
	0.0467429	0.0334874	0.0273792	0.0243118	0.0229777
	0.0444777	0.0318568	0.0260419	0.0231085	0.0218221
	0.0421603	0.0302197	0.0247052	0.0219074	0.0206724
	0.0399262	0.0285875	0.0233688	0.0207085	0.019528
	0.0375818	0.0269531	0.0220326	0.0195117	0.0183885
	0.0353705	0.0253177	0.0206967	0.018317	0.0172533
	0.0330232	0.0236862	0.0193608	0.0171243	0.0161221
	0.0307924	0.0220503	0.0180252	0.0159335	0.0149945
	0.0284927	0.0204177	0.0166897	0.0147447	0.0138702
	0.0261824	0.0187847	0.0153543	0.0135575	0.0127488
	0.0239728	0.0171488	0.0140191	0.0123721	0.0116303
	0.0215728	0.0155166	0.0126839	0.0111883	0.0105141
	0.0194165	0.0138811	0.0113486	0.010006	0.00940031
	0.01703	0.0122454	0.0100134	0.00882506	0.00828849
	0.0147823	0.0106125	0.00867814	0.00764545	0.00717884
	0.0125622	0.00897609	0.0073428	0.00646698	0.00607079
	0.0101222	0.00734148	0.00600752	0.00528956	0.00496456
	0.00793915	0.00570877	0.00467232	0.00411302	0.00385956
	0.00562662	0.0040739	0.00333721	0.00293727	0.00275623
	0.00322414	0.00244108	0.00200229	0.00176213	0.00165346
	0.0010541	0.000812128	0.000667376	0.000587492	0.000551678
	0.253292	0.221603	0.215391	0.217168	0.221646
	0.25254	0.220442	0.214187	0.215958	0.220435
	0.2516	0.218461	0.212123	0.213884	0.218359
	0.249805	0.215638	0.209193	0.21094	0.215413
	0.246515	0.212088	0.205528	0.207256	0.211727
	0.2428	0.208016	0.201367	0.20308	0.207547
	0.237886	0.203608	0.196963	0.198667	0.203131
	0.229135	0.199003	0.192487	0.194191	0.198655
	0.219251	0.194275	0.187992	0.189714	0.194178
	0.215348	0.189413	0.183459	0.185215	0.189682
	0.217633	0.18447	0.178853	0.180654	0.185127
	0.21814	0.179684	0.174165	0.176009	0.180488
	0.212142	0.175242	0.169418	0.171287	0.175773
	0.203796	0.171083	0.164663	0.166522	0.171012
	0.198653	0.167047	0.159952	0.161751	0.166239
	0.196722	0.162927	0.155315	0.157011	0.16149
	0.194807	0.158356	0.150751	0.152328	0.15679
	0.191532	0.153174	0.146244	0.14772	0.152159
	0.18787	0.14802	0.141769	0.143198	0.147613
	0.184793	0.143897	0.137321	0.138771	0.143164
	0.182236	0.140924	0.132944	0.134446	0.138826
	0.179779	0.138087	0.128725	0.130235	0.134609
	0.177277	0.134535	0.124745	0.126154	0.130525
	0.174804	0.130609	0.121036	0.122222	0.126583
	0.172411	0.127237	0.11757	0.118455	0.122789
	0.170073	0.124736	0.114264	0.114865	0.119149
	0.167755	0.122627	0.111028	0.111451	0.115666
	0.165447	0.120415	0.107843	0.108202	0.11234
	0.163147	0.118103	0.104813	0.1051	0.109165
	0.160855	0.115957	0.102086	0.102133	0.106136
	0.158571	0.114075	0.0996864	0.0992942	0.103243
	0.156293	0.11234	0.0974717	0.0965899	0.100476
	0.154015	0.110623	0.0952808	0.0940282	0.0978258
	0.151734	0.108904	0.0931027	0.0916096	0.0952846
	0.149449	0.107214	0.091054	0.0893192	0.0928456
	0.147166	0.10556	0.0892143	0.0871303	0.0905023
	0.144886	0.103925	0.0875329	0.085016	0.088247
	0.142608	0.102289	0.085901	0.0829649	0.08607
	0.140328	0.10065	0.0842699	0.0809845	0.0839608
	0.138045	0.099009	0.0826679	0.07909	0.0819099
	0.135762	0.0973684	0.0811329	0.0772829	0.0799103
	0.133479	0.0957275	0.0796568	0.0755426	0.0779586
	0.131197	0.0940838	0.0782071	0.0738404	0.0760535
	0.128914	0.0924384	0.0767601	0.0721632	0.0741934
	0.126632	0.0907911	0.0753187	0.0705198	0.0723746
	0.124351	0.0891455	0.073889	0.0689246	0.0705913
	0.122071	0.0875001	0.0724731	0.0673776	0.0688378
	0.11979	0.0858572	0.0710633	0.0658633	0.0671109
	0.117507	0.0842135	0.0696561	0.0643668	0.0654109
	0.115221	0.082572	0.0682506	0.0628855	0.0637397
	0.112935	0.0809292	0.0668486	0.0614259	0.0620983
	0.110652	0.0792895	0.065451	0.0599919	0.0604844
	0.108371	0.0776489	0.0640561	0.0585803	0.0588939
	0.106093	0.0760113	0.0626643	0.0571847	0.0573237
	0.103814	0.0743729	0.0612741	0.0558023	0.0557735
	0.101532	0.0727368	0.0598879	0.054434	0.0542456
	0.099247	0.0711004	0.0585041	0.0530815	0.0527413
	0.0969607	0.069464	0.0571246	0.0517439	0.0512599
	0.0946754	0.0678285	0.0557476	0.0504195	0.0497985
	0.0923928	0.0661902	0.054374	0.0491065	0.0483557
	0.0901123	0.0645558	0.053003	0.0478045	0.0469316
	0.0878331	0.0629165	0.051635	0.0465133	0.0455274
	0.0855523	0.0612844	0.0502699	0.0452321	0.0441435
	0.0832709	0.059645	0.0489075	0.0439598	0.0427788
	0.0809861	0.0580142	0.0475483	0.0426955	0.041432
	0.0787034	0.0563744	0.0461914	0.0414385	0.0401022
	0.0764175	0.0547421	0.0448372	0.0401881	0.0387896
	0.0741376	0.0531029	0.0434851	0.0389436	0.0374938
	0.0718517	0.0514684	0.042135	0.0377043	0.0362141
	0.0695754	0.0498328	0.0407869	0.0364697	0.0349495
	0.0672867	0.048196	0.0394404	0.0352392	0.0336991
	0.0650129	0.046565	0.0380957	0.0340124	0.032462
	0.06272	0.0449258	0.0367524	0.032789	0.0312376
	0.0604493	0.0432971	0.0354105	0.0315687	0.0300251
	0.0581539	0.0416571	0.0340697	0.0303513	0.0288235
	0.0558854	0.0400275	0.0327299	0.0291366	0.0276318
	0.0535912	0.0383899	0.0313909	0.0279243	0.0264494
	0.0513179	0.036757	0.0300524	0.0267145	0.0252754
	0.049032	0.0351238	0.0287145	0.025507	0.0241091
	0.0467425	0.0334873	0.0273772	0.0243018	0.0229497
	0.0444773	0.0318569	0.0260402	0.0230988	0.0217966
	0.0421605	0.0302193	0.0247038	0.021898	0.0206492
	0.0399266	0.0285878	0.0233676	0.0206994	0.019507
	0.0375823	0.0269529	0.0220317	0.0195029	0.0183694
	0.0353714	0.0253179	0.0206959	0.0183085	0.017236
	0.0330231	0.0236865	0.0193602	0.0171161	0.0161063
	0.0307931	0.0220502	0.0180247	0.0159257	0.0149802
	0.0284922	0.0204182	0.0166893	0.0147372	0.0138571
	0.0261824	0.0187843	0.015354	0.0135505	0.0127369
	0.023973	0.0171488	0.0140189	0.0123655	0.0116193
	0.0215722	0.0155169	0.0126837	0.0111821	0.0105041
	0.0194185	0.0138806	0.0113485	0.0100003	0.00939103
	0.0170304	0.0122459	0.0100133	0.0088199	0.00828015
	0.0147848	0.0106128	0.00867807	0.00764076	0.00717114
	0.0125661	0.00897616	0.00734278	0.00646288	0.00606402
	0.0101233	0.00734227	0.00600753	0.00528597	0.00495848
	0.00794369	0.00570912	0.00467234	0.00411013	0.00385457
	0.00562887	0.00407409	0.00333725	0.00293495	0.00275214
	0.00322244	0.00244157	0.00200233	0.00176068	0.00165076
	0.00105432	0.000812319	0.000667388	0.000586712	0.000550158
	0.257669	0.226057	0.219852	0.221631	0.226109
	0.256523	0.224519	0.218274	0.220047	0.224525
	0.254946	0.221939	0.215616	0.217379	0.221855
	0.252358	0.218356	0.211932	0.213682	0.218156
	0.248341	0.214042	0.207508	0.209242	0.213713
	0.244097	0.209359	0.202741	0.20446	0.208928
	0.238755	0.204556	0.197943	0.199653	0.20412
	0.229575	0.199729	0.193242	0.194954	0.199419
	0.219421	0.194862	0.188605	0.190335	0.194801
	0.215477	0.189864	0.183943	0.185707	0.190177
	0.217665	0.184761	0.179193	0.181001	0.185476
	0.217817	0.179788	0.174344	0.176197	0.180679
	0.21144	0.17513	0.169434	0.171317	0.175806
	0.202974	0.170755	0.164525	0.166406	0.1709
	0.197884	0.166571	0.159673	0.161508	0.166001
	0.195948	0.162364	0.154908	0.156656	0.161142
	0.193958	0.157688	0.150235	0.151873	0.156346
	0.190672	0.152375	0.145638	0.147176	0.15163
	0.1871	0.147136	0.141088	0.142575	0.147008
	0.18414	0.142985	0.136576	0.13808	0.142493
	0.181676	0.139956	0.13214	0.133699	0.138099
	0.179301	0.137015	0.12787	0.129445	0.133839
	0.176887	0.133406	0.123849	0.125333	0.129723
	0.1745	0.129531	0.120111	0.121381	0.125761
	0.172175	0.126258	0.116621	0.117604	0.12196
	0.169888	0.123818	0.113299	0.114013	0.118324
	0.167613	0.121735	0.110063	0.110606	0.114854
	0.16534	0.119577	0.106911	0.107372	0.111548
	0.16307	0.117374	0.103944	0.104294	0.108402
	0.160802	0.115354	0.101281	0.101359	0.105406
	0.158535	0.113581	0.0989219	0.0985599	0.102551
	0.156267	0.111933	0.0967339	0.0959009	0.0998253
	0.153994	0.110298	0.0945889	0.0933862	0.0972188
	0.151716	0.108657	0.0924877	0.0910122	0.0947224
	0.149438	0.107033	0.0905242	0.0887621	0.0923281
	0.147161	0.10543	0.0887508	0.0866111	0.0900276
	0.144885	0.103833	0.0871157	0.0845367	0.0878121
	0.142607	0.102227	0.0855293	0.08253	0.0856716
	0.140326	0.100609	0.0839539	0.0805957	0.0835958
	0.138043	0.0989843	0.0824098	0.0787423	0.0815759
	0.13576	0.0973531	0.0809222	0.0769669	0.0796057
	0.133478	0.0957169	0.0794816	0.0752511	0.0776813
	0.131196	0.0940755	0.0780617	0.0735729	0.0758007
	0.128915	0.0924314	0.0766432	0.0719227	0.0739613
	0.126634	0.0907853	0.0752277	0.0703064	0.0721594
	0.124353	0.0891405	0.0738183	0.0687332	0.0703902
	0.122071	0.0874954	0.0724169	0.0672016	0.0686492
	0.119789	0.0858524	0.0710177	0.0657	0.0669343
	0.117505	0.0842084	0.0696189	0.0642173	0.0652454
	0.115219	0.0825668	0.06822	0.062751	0.0635837
	0.112935	0.0809244	0.0668229	0.0613049	0.0619494
	0.110653	0.0792852	0.0654282	0.0598812	0.060341
	0.108374	0.0776452	0.0640353	0.0584774	0.0587553
	0.106095	0.0760083	0.0626447	0.0570889	0.0571903
	0.103814	0.0743705	0.0612558	0.0557137	0.0556456
	0.101531	0.0727348	0.0598703	0.0543523	0.0541225
	0.0992452	0.0710985	0.0584873	0.0530056	0.052622
	0.0969593	0.0694621	0.0571082	0.0516731	0.0511434
	0.094675	0.0678266	0.0557314	0.0503534	0.0496848
	0.0923934	0.0661887	0.0543582	0.0490452	0.0482453
	0.0901134	0.0645545	0.0529874	0.047748	0.0468248
	0.0878342	0.0629159	0.05162	0.0464613	0.0454242
	0.0855529	0.061284	0.0502555	0.0451844	0.0440434
	0.0832709	0.0596449	0.0488939	0.0439162	0.0426818
	0.0809857	0.0580138	0.0475353	0.0426559	0.0413384
	0.0787028	0.0563739	0.0461792	0.0414026	0.0400124
	0.0764169	0.0547417	0.0448257	0.0401557	0.0387036
	0.0741372	0.0531024	0.0434743	0.0389143	0.0374118
	0.0718516	0.0514683	0.0421251	0.037678	0.0361361
	0.0695753	0.0498325	0.0407777	0.0364459	0.0348756
	0.067287	0.0481964	0.0394322	0.0352176	0.0336294
	0.0650133	0.0465648	0.0380883	0.0339928	0.0323967
	0.0627206	0.0449262	0.0367458	0.0327711	0.0311766
	0.0604499	0.0432971	0.0354047	0.0315522	0.0299683
	0.0581543	0.0416572	0.0340646	0.030336	0.0287708
	0.0558855	0.0400278	0.0327254	0.0291221	0.0275832
	0.0535908	0.0383896	0.0313869	0.0279107	0.0264047
	0.0513176	0.0367575	0.030049	0.0267015	0.0252345
	0.0490312	0.0351234	0.0287117	0.0254945	0.0240717
	0.0467425	0.0334876	0.0273748	0.0242897	0.0229156
	0.0444767	0.0318567	0.0260383	0.0230871	0.0217657
	0.0421613	0.0302191	0.0247022	0.0218866	0.0206211
	0.0399269	0.0285882	0.0233663	0.0206884	0.0194816
	0.037583	0.0269524	0.0220306	0.0194922	0.0183463
	0.0353721	0.0253186	0.020695	0.0182982	0.017215
	0.0330226	0.0236863	0.0193596	0.0171063	0.0160872
	0.0307944	0.0220502	0.0180242	0.0159163	0.0149629
	0.0284906	0.0204187	0.0166889	0.0147283	0.0138412
	0.0261837	0.0187837	0.0153538	0.0135421	0.0127225
	0.0239722	0.0171494	0.0140186	0.0123576	0.0116059
	0.0215719	0.0155168	0.0126835	0.0111749	0.010492
	0.0194216	0.0138803	0.0113484	0.0099936	0.00937976
	0.0170291	0.0122467	0.0100132	0.00881383	0.00826996
	0.0147908	0.0106125	0.008678	0.00763529	0.00716169
	0.0125689	0.00897677	0.00734277	0.00645807	0.00605564
	0.0101247	0.00734323	0.00600755	0.00528179	0.00495086
	0.00795378	0.00570921	0.0046724	0.0041067	0.0038482
	0.0056284	0.00407462	0.00333731	0.00293223	0.00274676
	0.00321913	0.00244214	0.00200237	0.0017589	0.00164705
	0.00105821	0.000812373	0.000667387	0.000585789	0.00054799
	0.263709	0.232167	0.225968	0.227747	0.232225
	0.261761	0.22985	0.223614	0.225388	0.229866
	0.259029	0.226156	0.219849	0.221614	0.226091
	0.255132	0.221354	0.214956	0.216709	0.221184
	0.250017	0.216022	0.209521	0.21126	0.215732
	0.245224	0.210683	0.204101	0.205827	0.210296
	0.239753	0.205537	0.198968	0.200686	0.205154
	0.230383	0.200545	0.194098	0.195819	0.200287
	0.219835	0.195553	0.189329	0.191068	0.195537
	0.215511	0.190397	0.184508	0.186281	0.190753
	0.217357	0.185107	0.179569	0.181386	0.185864
	0.217123	0.179927	0.174521	0.176384	0.180869
	0.210498	0.175011	0.169423	0.171319	0.175811
	0.202035	0.17036	0.164343	0.166244	0.170741
	0.196995	0.165955	0.159335	0.161201	0.165699
	0.194972	0.161581	0.154424	0.156219	0.160713
	0.19287	0.156756	0.149613	0.151318	0.155801
	0.189614	0.151355	0.144889	0.14651	0.150979
	0.186188	0.146102	0.140231	0.141809	0.146261
	0.183373	0.141889	0.135635	0.137226	0.141663
	0.181019	0.138656	0.131136	0.132773	0.137199
	0.178746	0.135506	0.126815	0.128464	0.132884
	0.176439	0.131882	0.122752	0.124315	0.12873
	0.17415	0.128179	0.118977	0.12034	0.124746
	0.171904	0.125077	0.115448	0.116555	0.120937
	0.169679	0.1227	0.112088	0.112965	0.117307
	0.167456	0.120648	0.108845	0.10957	0.113856
	0.165226	0.118592	0.105744	0.106357	0.110579
	0.16299	0.116556	0.102867	0.103311	0.10747
	0.160747	0.114699	0.100283	0.100416	0.104519
	0.158496	0.113044	0.0979629	0.0976681	0.101713
	0.156238	0.11149	0.0958063	0.0950669	0.099041
	0.153971	0.109949	0.0937317	0.0926119	0.0964902
	0.151701	0.108397	0.0917441	0.0902934	0.0940504
	0.149429	0.106846	0.0898968	0.0880924	0.0917116
	0.147157	0.105296	0.0882075	0.0859873	0.0894641
	0.144883	0.103737	0.0866308	0.0839619	0.0872975
	0.142605	0.102162	0.0851047	0.08201	0.0852015
	0.140324	0.100568	0.0836024	0.080132	0.0831664
	0.138041	0.0989586	0.0821303	0.0783281	0.0811844
	0.135758	0.0973361	0.080698	0.0765909	0.0792496
	0.133477	0.0957043	0.0792962	0.074906	0.077358
	0.131197	0.0940653	0.0779083	0.0732591	0.0755063
	0.128916	0.0924227	0.0765207	0.0716438	0.0736914
	0.126635	0.0907779	0.0751325	0.0700615	0.0719098
	0.124353	0.0891337	0.0737445	0.0685151	0.0701577
	0.122071	0.0874887	0.0723579	0.0670023	0.068432
	0.119788	0.0858455	0.0709694	0.0655159	0.0667313
	0.117503	0.0842016	0.069579	0.0640489	0.0650555
	0.115219	0.0825602	0.0681867	0.0625993	0.0634048
	0.112936	0.0809185	0.0667942	0.061168	0.0617791
	0.110655	0.07928	0.0654022	0.0597557	0.0601772
	0.108375	0.0776409	0.0640111	0.0583605	0.0585972
	0.106095	0.0760047	0.0626217	0.0569799	0.057038
	0.103814	0.0743676	0.061234	0.0556126	0.0554995
	0.101529	0.0727321	0.0598493	0.0542587	0.053982
	0.0992436	0.071096	0.058467	0.0529186	0.0524858
	0.0969585	0.0694599	0.0570882	0.0515919	0.0510106
	0.0946752	0.0678244	0.055712	0.0502778	0.0495554
	0.0923944	0.0661872	0.0543392	0.0489753	0.0481195
	0.0901145	0.0645533	0.0529692	0.0476836	0.0467031
	0.0878349	0.0629154	0.0516026	0.0464022	0.0453064
	0.085553	0.0612833	0.0502389	0.0451304	0.0439293
	0.0832705	0.0596447	0.0488783	0.0438671	0.0425715
	0.0809852	0.058013	0.0475205	0.0426114	0.041232
	0.0787023	0.0563736	0.0461654	0.0413625	0.0399105
	0.0764167	0.054741	0.0448128	0.0401196	0.0386064
	0.074137	0.0531022	0.0434624	0.0388819	0.0373193
	0.0718517	0.0514683	0.0421142	0.0376487	0.0360485
	0.0695753	0.0498323	0.0407678	0.0364195	0.034793
	0.0672874	0.048197	0.0394233	0.0351938	0.033552
	0.0650134	0.0465644	0.0380804	0.0339712	0.0323244
	0.0627212	0.0449269	0.0367389	0.0327513	0.0311094
	0.06045	0.0432965	0.0353986	0.031534	0.0299061
	0.0581547	0.0416578	0.0340592	0.030319	0.0287135
	0.0558854	0.0400276	0.0327208	0.0291062	0.0275307
	0.0535905	0.0383896	0.0313829	0.0278956	0.0263567
	0.0513174	0.0367581	0.0300457	0.0266871	0.0251907
	0.0490303	0.0351227	0.0287089	0.0254807	0.0240319
	0.046743	0.0334886	0.0273724	0.0242765	0.0228795
	0.0444756	0.0318559	0.0260364	0.0230744	0.021733
	0.0421629	0.0302199	0.0247006	0.0218744	0.0205916
	0.0399258	0.0285882	0.023365	0.0206766	0.0194548
	0.0375849	0.0269519	0.0220295	0.019481	0.018322
	0.035372	0.0253197	0.0206942	0.0182874	0.0171931
	0.0330223	0.0236855	0.0193589	0.017096	0.0160673
	0.0307964	0.0220512	0.0180237	0.0159066	0.0149447
	0.0284868	0.0204185	0.0166886	0.0147192	0.0138246
	0.0261882	0.0187831	0.0153535	0.0135336	0.0127073
	0.0239676	0.0171504	0.0140184	0.0123498	0.0115919
	0.0215742	0.015516	0.0126833	0.0111676	0.0104791
	0.0194243	0.0138812	0.0113483	0.00998703	0.00936789
	0.017024	0.0122474	0.0100131	0.00880791	0.00825911
	0.014804	0.0106123	0.00867798	0.00763003	0.00715163
	0.0125659	0.00897807	0.00734276	0.00645347	0.00604662
	0.0101291	0.00734383	0.00600761	0.00527787	0.00494268
	0.00797223	0.00570951	0.00467249	0.00410347	0.00384127
	0.00562351	0.00407552	0.00333739	0.00292972	0.00274085
	0.0032251	0.00244241	0.00200243	0.00175721	0.00164279
	0.00107054	0.000812359	0.000667381	0.000584987	0.00054526
	0.272499	0.240998	0.234799	0.236578	0.241056
	0.268679	0.236851	0.230619	0.232395	0.236872
	0.263675	0.230938	0.224644	0.226412	0.230888
	0.257789	0.224202	0.217829	0.219586	0.224061
	0.251354	0.217665	0.211197	0.212941	0.217414
	0.24591	0.211781	0.205242	0.206975	0.211446
	0.240333	0.206448	0.199929	0.201657	0.206126
	0.231187	0.201365	0.194966	0.196698	0.201168
	0.220777	0.196238	0.190058	0.191809	0.19628
	0.215913	0.190885	0.185039	0.186823	0.191298
	0.216578	0.185395	0.179873	0.181701	0.186182
	0.215444	0.180012	0.174608	0.176482	0.18097
	0.208847	0.174847	0.16932	0.171226	0.175722
	0.200846	0.169922	0.164073	0.165986	0.170487
	0.195895	0.165248	0.158909	0.160796	0.165299
	0.193572	0.160584	0.153845	0.155676	0.160176
	0.1913	0.155517	0.148874	0.150642	0.155135
	0.188217	0.15008	0.143989	0.145707	0.15019
	0.185094	0.144937	0.139191	0.140888	0.145359
	0.182504	0.140652	0.134495	0.1362	0.140662
	0.180295	0.137051	0.129931	0.131661	0.136117
	0.178156	0.133543	0.125562	0.127288	0.131739
	0.175985	0.129901	0.121456	0.123097	0.127541
	0.173813	0.126447	0.117634	0.1191	0.123533
	0.171654	0.12356	0.114053	0.115308	0.11972
	0.169496	0.121248	0.110653	0.111726	0.116102
	0.167325	0.119247	0.107415	0.10835	0.112678
	0.165136	0.11736	0.104382	0.105168	0.109441
	0.162929	0.115579	0.101607	0.102165	0.106382
	0.160705	0.113953	0.0991027	0.0993248	0.103488
	0.158467	0.112462	0.0968235	0.0966423	0.100746
	0.156217	0.111033	0.09471	0.0941145	0.0981421
	0.153957	0.109609	0.0927282	0.0917332	0.0956614
	0.151692	0.108167	0.0908784	0.089482	0.0932915
	0.149425	0.106699	0.0891673	0.0873407	0.0910209
	0.147155	0.105205	0.0875803	0.0852925	0.0888378
	0.144881	0.103684	0.0860817	0.0833272	0.0867304
	0.142604	0.102134	0.0846361	0.0814395	0.0846882
	0.140323	0.100557	0.0832243	0.0796247	0.082702
	0.13804	0.0989564	0.0818384	0.0778758	0.0807651
	0.135759	0.0973377	0.0804732	0.0761829	0.0788719
	0.133478	0.0957065	0.07912	0.0745361	0.0770178
	0.131197	0.0940667	0.07777	0.0729278	0.0751989
	0.128916	0.0924229	0.0764154	0.0713532	0.0734119
	0.126635	0.0907769	0.0750545	0.0698098	0.0716536
	0.124353	0.0891312	0.0736866	0.0682951	0.0699216
	0.12207	0.0874851	0.0723131	0.0668061	0.068214
	0.119787	0.0858407	0.0709331	0.0653388	0.0665299
	0.117503	0.0841965	0.0695486	0.0638899	0.064869
	0.115219	0.0825551	0.0681609	0.0624576	0.063231
	0.112937	0.080914	0.0667711	0.0610412	0.0616155
	0.110656	0.0792759	0.0653805	0.0596402	0.0600217
	0.108376	0.0776375	0.06399	0.0582535	0.0584489
	0.106095	0.0760016	0.062601	0.0568802	0.0568966
	0.103813	0.074365	0.0612137	0.0555198	0.0553646
	0.101528	0.0727297	0.0598293	0.0541724	0.0538531
	0.0992427	0.0710939	0.0584476	0.0528381	0.0523618
	0.0969585	0.0694579	0.0570691	0.0515166	0.0508904
	0.094676	0.0678228	0.0556936	0.0502075	0.0494386
	0.0923954	0.0661861	0.0543214	0.0489099	0.0480063
	0.0901152	0.0645524	0.0529525	0.0476234	0.0465936
	0.087835	0.0629152	0.0515867	0.046347	0.0452004
	0.0855527	0.0612826	0.0502241	0.0450799	0.0438267
	0.0832699	0.0596447	0.0488645	0.0438213	0.0424723
	0.0809848	0.058012	0.0475077	0.0425701	0.0411365
	0.078702	0.0563736	0.0461537	0.0413254	0.039819
	0.0764169	0.0547401	0.044802	0.0400864	0.0385193
	0.0741371	0.0531025	0.0434528	0.0388522	0.0372367
	0.0718521	0.0514681	0.0421054	0.0376222	0.0359705
	0.0695752	0.0498328	0.0407601	0.0363957	0.0347199
	0.0672878	0.0481974	0.0394165	0.0351724	0.0334837
	0.0650132	0.046564	0.0380744	0.0339519	0.0322611
	0.0627218	0.0449279	0.0367337	0.0327338	0.031051
	0.0604498	0.0432955	0.035394	0.0315179	0.0298526
	0.0581553	0.041659	0.0340554	0.0303041	0.0286646
	0.0558849	0.0400266	0.0327174	0.0290924	0.0274863
	0.0535906	0.0383906	0.03138	0.0278826	0.0263165
	0.0513171	0.0367577	0.0300433	0.0266749	0.0251544
	0.0490296	0.0351225	0.0287069	0.0254692	0.0239993
	0.0467439	0.0334897	0.0273709	0.0242656	0.0228503
	0.044474	0.0318546	0.0260351	0.023064	0.0217067
	0.0421658	0.0302214	0.0246995	0.0218646	0.020568
	0.0399231	0.0285874	0.0233642	0.0206674	0.0194336
	0.0375888	0.0269533	0.0220288	0.0194723	0.018303
	0.035369	0.02532	0.0206937	0.0182793	0.0171759
	0.0330244	0.0236847	0.0193585	0.0170884	0.0160517
	0.030797	0.0220524	0.0180234	0.0158995	0.0149305
	0.0284828	0.0204173	0.0166884	0.0147126	0.0138117
	0.0261959	0.0187843	0.0153532	0.0135276	0.0126954
	0.023957	0.0171505	0.0140182	0.0123444	0.011581
	0.0215844	0.0155154	0.0126832	0.0111628	0.010469
	0.0194192	0.0138819	0.0113481	0.00998269	0.00935858
	0.0170228	0.0122468	0.0100132	0.00880406	0.00825053
	0.0148208	0.0106136	0.008678	0.00762673	0.00714381
	0.0125483	0.00897898	0.00734282	0.00645063	0.00603956
	0.0101501	0.00734412	0.00600777	0.00527554	0.00493647
	0.00798624	0.00571076	0.00467257	0.0041016	0.00383603
	0.00561378	0.00407603	0.00333748	0.00292841	0.00273666
	0.00326256	0.00244273	0.00200253	0.00175637	0.00164006
	0.00109486	0.000812795	0.0006674	0.000584812	0.000544192
	0.286535	0.255031	0.248827	0.250604	0.255082
	0.278096	0.246301	0.240068	0.241843	0.24632
	0.268738	0.236138	0.229853	0.231622	0.236098
	0.260011	0.226668	0.220316	0.222075	0.226551
	0.252423	0.218905	0.21247	0.214219	0.218693
	0.246605	0.212693	0.206204	0.207944	0.212417
	0.240586	0.207335	0.200871	0.202608	0.207079
	0.231504	0.202193	0.195843	0.197587	0.202059
	0.221975	0.196879	0.190755	0.192519	0.196993
	0.217128	0.191285	0.18549	0.187287	0.191765
	0.215955	0.185581	0.180076	0.181917	0.186401
	0.21302	0.180002	0.174599	0.176484	0.180975
	0.206471	0.174652	0.169138	0.171054	0.175552
	0.199421	0.169541	0.163743	0.165666	0.17017
	0.194631	0.164566	0.15844	0.16034	0.164847
	0.191706	0.159471	0.153231	0.155089	0.159594
	0.1891	0.154112	0.148102	0.149924	0.154424
	0.186287	0.148748	0.143047	0.14486	0.149355
	0.183619	0.143798	0.138095	0.139919	0.144408
	0.181347	0.139394	0.13329	0.135123	0.13961
	0.179344	0.135341	0.128669	0.130495	0.134981
	0.177401	0.13147	0.124267	0.126056	0.130539
	0.175428	0.127843	0.120119	0.121825	0.1263
	0.17342	0.124628	0.116238	0.117812	0.122271
	0.171383	0.121906	0.112603	0.114021	0.118458
	0.169311	0.119626	0.109186	0.110453	0.11486
	0.167202	0.117687	0.10599	0.107104	0.111472
	0.165056	0.115997	0.103047	0.103964	0.108284
	0.162878	0.114495	0.10037	0.101016	0.105285
	0.160674	0.113125	0.0979377	0.0982466	0.10246
	0.158448	0.111831	0.0957107	0.0956452	0.0997932
	0.156206	0.110555	0.0936655	0.0932022	0.0972673
	0.153952	0.109271	0.0917927	0.0909019	0.094866
	0.151691	0.107947	0.0900779	0.0887248	0.0925744
	0.149425	0.106571	0.0884945	0.0866529	0.0903787
	0.147155	0.105143	0.087011	0.084673	0.0882652
	0.144881	0.103665	0.085601	0.0827766	0.0862216
	0.142603	0.10214	0.0842435	0.0809562	0.0842371
	0.140323	0.100575	0.0829199	0.0792031	0.0823032
	0.138041	0.0989795	0.0816141	0.0775072	0.0804134
	0.13576	0.0973608	0.0803137	0.0758591	0.0785622
	0.133479	0.0957269	0.0790107	0.0742522	0.0767451
	0.131198	0.0940833	0.0776992	0.0726821	0.074958
	0.128917	0.0924353	0.0763745	0.0711449	0.0731977
	0.126635	0.0907852	0.0750353	0.0696363	0.0714622
	0.124353	0.0891361	0.0736813	0.0681516	0.0697501
	0.12207	0.0874872	0.0723146	0.0666869	0.0680604
	0.119786	0.0858407	0.0709367	0.0652397	0.0663926
	0.117503	0.0841954	0.0695519	0.0638082	0.064746
	0.11522	0.0825533	0.0681628	0.0623906	0.0631203
	0.112938	0.0809121	0.0667708	0.0609858	0.0615149
	0.110657	0.0792738	0.0653777	0.0595928	0.0599295
	0.108376	0.0776357	0.0639847	0.0582115	0.058364
	0.106095	0.0759996	0.0625937	0.0568419	0.0568183
	0.103811	0.0743634	0.0612048	0.0554843	0.0552923
	0.101527	0.0727279	0.0598192	0.0541389	0.0537857
	0.0992426	0.0710924	0.0584367	0.0528059	0.0522984
	0.0969591	0.0694566	0.0570578	0.0514853	0.0508301
	0.094677	0.0678218	0.0556825	0.0501769	0.049381
	0.0923963	0.0661856	0.0543105	0.0488803	0.0479511
	0.0901156	0.0645519	0.0529422	0.0475948	0.0465405
	0.0878347	0.0629152	0.051577	0.0463197	0.0451492
	0.085552	0.0612819	0.0502153	0.0450541	0.0437772
	0.0832691	0.0596446	0.0488564	0.0437971	0.0424241
	0.0809845	0.058011	0.0475005	0.0425476	0.04109
	0.0787019	0.0563737	0.0461472	0.0413046	0.0397742
	0.0764174	0.0547393	0.0447962	0.0400673	0.0384763
	0.0741372	0.0531031	0.0434477	0.0388348	0.0371957
	0.0718527	0.0514677	0.042101	0.0376064	0.0359316
	0.0695749	0.0498335	0.0407564	0.0363814	0.0346831
	0.0672884	0.0481973	0.0394132	0.0351595	0.0334492
	0.0650125	0.0465644	0.0380717	0.0339401	0.032229
	0.0627228	0.0449281	0.0367314	0.0327231	0.0310213
	0.0604487	0.043295	0.035392	0.0315081	0.0298252
	0.0581566	0.0416598	0.0340537	0.0302952	0.0286396
	0.0558834	0.0400255	0.0327159	0.0290842	0.0274635
	0.053592	0.0383919	0.0313789	0.0278751	0.0262958
	0.0513155	0.0367566	0.0300424	0.0266679	0.0251357
	0.0490307	0.0351236	0.0287061	0.0254627	0.0239824
	0.0467436	0.0334887	0.0273704	0.0242596	0.0228351
	0.0444734	0.0318548	0.0260345	0.0230586	0.0216931
	0.0421689	0.0302218	0.0246993	0.0218596	0.0205557
	0.0399185	0.0285866	0.0233639	0.0206628	0.0194225
	0.037597	0.0269545	0.0220286	0.0194681	0.018293
	0.0353589	0.0253191	0.0206936	0.0182755	0.0171668
	0.0330356	0.0236868	0.0193582	0.0170851	0.0160435
	0.0307858	0.0220517	0.0180235	0.0158965	0.014923
	0.028487	0.0204176	0.0166883	0.01471	0.0138048
	0.026201	0.0187845	0.0153532	0.0135253	0.012689
	0.02394	0.0171495	0.0140183	0.0123424	0.0115752
	0.0216135	0.0155171	0.012683	0.0111611	0.0104636
	0.0193871	0.0138803	0.0113482	0.00998131	0.00935374
	0.0170521	0.0122477	0.0100132	0.00880293	0.00824603
	0.0148292	0.0106146	0.00867788	0.00762588	0.00713992
	0.0125071	0.00897772	0.00734309	0.00644998	0.00603604
	0.0102092	0.00734654	0.00600789	0.00527516	0.00493367
	0.00795396	0.00571125	0.00467255	0.0041014	0.00383375
	0.00559773	0.00407506	0.00333766	0.00292846	0.00273526
	0.00334946	0.00244427	0.00200256	0.00175653	0.00163957
	0.00112473	0.000813733	0.000667426	0.000585202	0.000544981
	0.308832	0.277311	0.271096	0.272871	0.277348
	0.290522	0.258683	0.252441	0.254213	0.258689
	0.274474	0.241938	0.23565	0.237417	0.241893
	0.262492	0.229408	0.223061	0.22482	0.229295
	0.254121	0.220681	0.214271	0.216023	0.220497
	0.248227	0.214277	0.207836	0.209583	0.214056
	0.241448	0.208828	0.20241	0.204156	0.208629
	0.231997	0.20347	0.197169	0.198924	0.203398
	0.223448	0.19784	0.191781	0.193556	0.198033
	0.218987	0.191975	0.186212	0.18802	0.1925
	0.216249	0.186049	0.180544	0.182393	0.18688
	0.211541	0.180245	0.174871	0.176762	0.181256
	0.204984	0.174789	0.169258	0.171179	0.175679
	0.198861	0.169647	0.163739	0.165664	0.17017
	0.194286	0.164396	0.158322	0.160224	0.164733
	0.190858	0.158814	0.152997	0.154864	0.159372
	0.187925	0.153256	0.147753	0.149596	0.1541
	0.185243	0.148097	0.142579	0.144437	0.148936
	0.18284	0.143296	0.137502	0.139406	0.143904
	0.180727	0.138689	0.132605	0.13453	0.13903
	0.178809	0.134323	0.127956	0.129834	0.134338
	0.176957	0.130356	0.123551	0.125345	0.129847
	0.17509	0.126861	0.119367	0.121084	0.125573
	0.173179	0.1238	0.11542	0.117058	0.121526
	0.171215	0.121139	0.111743	0.113265	0.117709
	0.169199	0.118872	0.108344	0.109702	0.114119
	0.167128	0.116979	0.105214	0.106366	0.110749
	0.165009	0.115388	0.102343	0.103249	0.107588
	0.162848	0.113998	0.0997183	0.100338	0.104622
	0.160656	0.112722	0.0973237	0.0976167	0.101836
	0.158437	0.111499	0.0951432	0.0950682	0.0992108
	0.1562	0.110303	0.0931615	0.0926747	0.0967288
	0.15395	0.109083	0.0913588	0.0904187	0.0943726
	0.151691	0.107813	0.0897081	0.0882841	0.0921252
	0.149426	0.106482	0.0881779	0.0862562	0.089971
	0.147156	0.105086	0.0867402	0.0843217	0.087896
	0.144881	0.103631	0.0853734	0.0824686	0.0858882
	0.142603	0.102122	0.084058	0.0806866	0.0839374
	0.140323	0.100569	0.0827733	0.0789662	0.0820351
	0.138042	0.09898	0.0815003	0.0772989	0.080174
	0.135761	0.0973657	0.0802283	0.075677	0.0783483
	0.13348	0.095734	0.0789475	0.0740949	0.0765537
	0.131199	0.0940915	0.0776534	0.0725479	0.0747865
	0.128917	0.0924433	0.0763426	0.0710313	0.0730441
	0.126635	0.0907923	0.075014	0.0695403	0.0713247
	0.124353	0.0891412	0.0736679	0.0680707	0.0696269
	0.122069	0.0874912	0.0723065	0.0666189	0.0679499
	0.119786	0.0858436	0.0709335	0.0651829	0.0662933
	0.117503	0.0841979	0.0695514	0.063761	0.0646566
	0.115221	0.0825551	0.0681628	0.0623516	0.0630395
	0.112939	0.0809137	0.0667704	0.0609535	0.0614416
	0.110657	0.0792747	0.0653768	0.0595659	0.059863
	0.108376	0.0776366	0.0639834	0.058189	0.0583037
	0.106093	0.076	0.0625918	0.0568232	0.0567636
	0.10381	0.0743636	0.0612025	0.0554688	0.0552425
	0.101527	0.0727279	0.0598166	0.0541261	0.0537404
	0.099243	0.0710924	0.058434	0.0527951	0.0522571
	0.0969602	0.0694569	0.0570551	0.051476	0.0507925
	0.0946782	0.067822	0.0556799	0.0501688	0.0493468
	0.0923968	0.0661863	0.0543083	0.048873	0.0479201
	0.0901154	0.0645519	0.0529403	0.0475882	0.0465125
	0.0878338	0.0629156	0.0515756	0.0463137	0.045124
	0.0855512	0.0612815	0.0502141	0.0450485	0.0437545
	0.0832684	0.0596448	0.0488556	0.0437917	0.0424038
	0.0809846	0.0580104	0.0475	0.0425425	0.0410718
	0.0787019	0.0563739	0.0461469	0.0412998	0.039758
	0.0764182	0.054739	0.0447963	0.0400627	0.038462
	0.0741371	0.0531034	0.0434478	0.0388305	0.037183
	0.0718537	0.0514679	0.0421014	0.0376023	0.0359203
	0.069574	0.0498338	0.0407567	0.0363776	0.0346731
	0.0672896	0.0481974	0.0394137	0.035156	0.0334404
	0.0650107	0.0465645	0.0380721	0.0339369	0.0322212
	0.0627246	0.0449279	0.0367318	0.0327202	0.0310145
	0.0604463	0.0432952	0.0353924	0.0315055	0.0298192
	0.0581591	0.0416596	0.034054	0.0302929	0.0286343
	0.0558806	0.0400257	0.0327163	0.0290821	0.0274587
	0.0535945	0.0383919	0.0313792	0.0278733	0.0262915
	0.0513135	0.0367566	0.0300425	0.0266665	0.0251319
	0.0490316	0.0351241	0.0287064	0.0254616	0.0239789
	0.0467447	0.0334882	0.0273705	0.0242587	0.0228319
	0.0444706	0.0318559	0.0260348	0.0230579	0.0216901
	0.042176	0.0302208	0.0246994	0.0218592	0.0205529
	0.0399087	0.0285878	0.0233638	0.0206626	0.0194198
	0.0376108	0.0269535	0.0220289	0.019468	0.0182904
	0.0353429	0.0253197	0.0206934	0.0182756	0.0171643
	0.0330514	0.0236863	0.0193585	0.0170852	0.0160412
	0.0307708	0.022051	0.0180235	0.0158969	0.0149207
	0.0284914	0.0204192	0.0166881	0.0147104	0.0138027
	0.0261969	0.0187824	0.0153535	0.0135257	0.012687
	0.0239202	0.0171512	0.014018	0.0123429	0.0115734
	0.0216454	0.0155148	0.012683	0.0111616	0.0104618
	0.0193458	0.0138801	0.0113484	0.00998177	0.00935225
	0.017082	0.0122501	0.0100129	0.00880347	0.00824463
	0.0147931	0.0106118	0.00867819	0.00762637	0.00713885
	0.0124771	0.00898119	0.00734321	0.00645046	0.00603507
	0.0102625	0.00734788	0.0060077	0.0052757	0.0049331
	0.00790943	0.00570968	0.00467294	0.00410187	0.0038333
	0.00562238	0.00407927	0.00333784	0.00292894	0.00273528
	0.00342819	0.00244675	0.00200246	0.00175693	0.00163975
	0.00113005	0.000813795	0.000667446	0.000585466	0.000545511
