	0.980504	0.980664	0.980663	0.980663	0.980663
	0.960389	0.96039	0.960416	0.960419	0.96042
	0.937216	0.938325	0.938409	0.938419	0.93842
	0.909989	0.912161	0.912321	0.912341	0.912343
	0.880415	0.882314	0.882574	0.882605	0.88261
	0.846924	0.850358	0.850676	0.850717	0.850723
	0.81491	0.81782	0.818106	0.818149	0.818155
	0.790906	0.785708	0.785832	0.785863	0.785868
	0.76716	0.754596	0.754311	0.754306	0.754307
	0.734414	0.724541	0.723669	0.7236	0.723592
	0.699121	0.69538	0.69389	0.693728	0.693707
	0.671997	0.66696	0.664938	0.664667	0.664627
	0.652804	0.638844	0.636816	0.636436	0.636374
	0.63547	0.611071	0.60956	0.609108	0.609021
	0.618066	0.584825	0.583264	0.582776	0.582668
	0.602882	0.561012	0.558059	0.557549	0.557422
	0.591705	0.539084	0.534105	0.533518	0.533374
	0.58416	0.518285	0.51161	0.510775	0.510603
	0.578959	0.498748	0.490667	0.489387	0.489166
	0.57527	0.480926	0.471154	0.469396	0.469097
	0.572807	0.465053	0.452973	0.450823	0.450414
	0.571372	0.451255	0.436234	0.433657	0.433118
	0.570679	0.439621	0.421035	0.41786	0.417198
	0.570412	0.430061	0.407325	0.403419	0.402624
	0.570365	0.422354	0.395025	0.390321	0.389354
	0.570438	0.416322	0.384132	0.378518	0.377335
	0.570594	0.411867	0.374626	0.367925	0.366506
	0.570776	0.408845	0.366427	0.358472	0.356794
	0.570937	0.406999	0.359417	0.350093	0.348114
	0.571066	0.406019	0.353507	0.342713	0.34038
	0.571167	0.405642	0.348612	0.336239	0.333511
	0.571254	0.405675	0.344663	0.330582	0.327421
	0.571333	0.405986	0.341568	0.325656	0.322028
	0.571395	0.406445	0.339219	0.321389	0.317251
	0.571429	0.406949	0.337495	0.317707	0.313016
	0.571443	0.407434	0.336284	0.314546	0.309254
	0.571461	0.40786	0.335478	0.311841	0.305906
	0.571489	0.408211	0.335005	0.309536	0.302916
	0.571508	0.408484	0.334766	0.307573	0.300236
	0.571511	0.408685	0.334706	0.305907	0.297823
	0.571508	0.408823	0.334739	0.30449	0.29564
	0.571512	0.408911	0.334841	0.303288	0.293654
	0.571519	0.408958	0.334949	0.302263	0.291838
	0.571521	0.408981	0.335069	0.301392	0.290169
	0.571518	0.408984	0.335153	0.300641	0.288627
	0.57152	0.408981	0.335222	0.299992	0.287196
	0.571527	0.408966	0.335234	0.299417	0.285864
	0.57153	0.408956	0.335234	0.298906	0.28462
	0.571522	0.408936	0.335187	0.298441	0.283453
	0.57151	0.408929	0.335134	0.298016	0.282356
	0.57151	0.408905	0.335048	0.297615	0.281321
	0.571523	0.408906	0.334965	0.297239	0.280343
	0.57154	0.408883	0.334862	0.296877	0.279417
	0.571542	0.408897	0.33477	0.296534	0.27854
	0.571527	0.408873	0.334667	0.296205	0.277707
	0.571507	0.408894	0.334581	0.295895	0.276916
	0.5715	0.408858	0.334488	0.295599	0.276164
	0.571513	0.408888	0.334414	0.295323	0.275449
	0.571534	0.408846	0.334333	0.295064	0.274769
	0.571547	0.408893	0.334273	0.294826	0.274125
	0.571541	0.408846	0.334206	0.294606	0.273516
	0.571522	0.408902	0.334163	0.294406	0.272942
	0.571503	0.408842	0.334108	0.294223	0.272401
	0.5715	0.408898	0.334078	0.294058	0.271895
	0.571508	0.408832	0.334033	0.293908	0.271423
	0.571532	0.408895	0.334012	0.293773	0.270984
	0.571539	0.408835	0.333976	0.293649	0.270578
	0.57155	0.408901	0.333965	0.293539	0.270204
	0.571522	0.408843	0.333937	0.293436	0.26986
	0.571528	0.408901	0.333933	0.293345	0.269545
	0.571483	0.408837	0.33391	0.293258	0.269257
	0.571529	0.408896	0.33391	0.29318	0.268995
	0.571473	0.408825	0.33389	0.293107	0.268757
	0.571578	0.408902	0.333894	0.293039	0.268541
	0.571464	0.408819	0.333877	0.292976	0.268344
	0.571635	0.408922	0.333884	0.292916	0.268166
	0.571407	0.408809	0.333872	0.292862	0.268003
	0.571687	0.408938	0.333876	0.292809	0.267855
	0.571302	0.408794	0.333872	0.292763	0.267719
	0.571773	0.408939	0.333866	0.292717	0.267594
	0.571173	0.40879	0.333874	0.292676	0.267479
	0.571924	0.408922	0.333859	0.292639	0.267373
	0.571017	0.408819	0.333874	0.292603	0.267275
	0.572134	0.408882	0.333859	0.292573	0.267182
	0.570816	0.40888	0.333868	0.292542	0.267096
	0.57236	0.408825	0.333869	0.292517	0.267015
	0.570612	0.408936	0.333861	0.292495	0.266939
	0.572495	0.408793	0.333874	0.292472	0.266867
	0.570591	0.408931	0.333862	0.292455	0.266799
	0.572307	0.408834	0.333867	0.292438	0.266733
	0.571032	0.408859	0.33387	0.292423	0.266673
	0.571605	0.408905	0.333861	0.292412	0.266612
	0.571945	0.408819	0.33387	0.2924	0.266559
	0.570754	0.408902	0.333867	0.292391	0.266502
	0.572462	0.408874	0.333864	0.292383	0.266455
	0.570898	0.408851	0.333871	0.292376	0.266401
	0.571772	0.408905	0.333867	0.29237	0.266361
	0.571871	0.408868	0.333868	0.292365	0.266305
	0.571373	0.408867	0.33387	0.292361	0.266277
	0.571629	0.408872	0.333867	0.292356	0.266212
	0.999979	1.00015	1.00014	1.00014	1.00014
	1.00764	1.00772	1.00775	1.00775	1.00775
	1.01448	1.0155	1.01559	1.0156	1.0156
	1.01896	1.02147	1.02164	1.02166	1.02166
	1.02237	1.02463	1.0249	1.02494	1.02494
	1.02228	1.02511	1.02549	1.02554	1.02554
	1.02007	1.0237	1.02406	1.02411	1.02412
	1.02219	1.02104	1.02128	1.02133	1.02134
	1.02596	1.0176	1.01761	1.01764	1.01764
	1.02238	1.01368	1.01324	1.01323	1.01322
	1.01226	1.00915	1.00824	1.00815	1.00814
	1.00462	1.00378	1.00259	1.00243	1.00241
	1.00276	0.997569	0.996299	0.996069	0.996033
	1.00189	0.990629	0.989398	0.989115	0.989062
	0.99808	0.983051	0.981945	0.981627	0.981561
	0.992489	0.975332	0.974025	0.973693	0.973611
	0.98766	0.96805	0.965771	0.965385	0.965293
	0.984218	0.961067	0.957305	0.956796	0.956682
	0.981422	0.953762	0.948697	0.947989	0.94785
	0.978778	0.945955	0.940005	0.939041	0.938858
	0.976398	0.938183	0.931287	0.930003	0.929763
	0.974496	0.931059	0.922588	0.920943	0.920622
	0.973082	0.924668	0.913913	0.911894	0.911487
	0.972022	0.918729	0.905326	0.902919	0.902406
	0.971226	0.913073	0.896931	0.894049	0.893419
	0.970634	0.907802	0.888859	0.88534	0.884566
	0.970212	0.903106	0.881152	0.876807	0.875878
	0.969925	0.899064	0.873803	0.868501	0.867384
	0.969733	0.895611	0.866765	0.860446	0.859103
	0.969604	0.892655	0.860096	0.852684	0.851056
	0.969515	0.890181	0.853833	0.845205	0.843253
	0.969456	0.888147	0.848051	0.838023	0.835708
	0.969426	0.886494	0.842713	0.831129	0.828423
	0.969415	0.885169	0.837842	0.824553	0.821401
	0.969408	0.884107	0.833367	0.818291	0.814638
	0.969394	0.88325	0.829346	0.81236	0.808131
	0.969385	0.882556	0.825702	0.806741	0.801878
	0.969389	0.881993	0.822507	0.801439	0.795876
	0.969399	0.881528	0.81964	0.796434	0.790117
	0.969403	0.88114	0.817177	0.791732	0.784595
	0.969396	0.880803	0.814968	0.787316	0.779301
	0.969391	0.880519	0.813105	0.783194	0.774229
	0.969394	0.880264	0.81143	0.779344	0.769371
	0.969401	0.880053	0.81005	0.775768	0.764723
	0.969403	0.879854	0.808793	0.772443	0.760276
	0.969402	0.879704	0.807775	0.76937	0.756027
	0.969402	0.879547	0.80682	0.766527	0.75197
	0.969402	0.879452	0.806055	0.763915	0.748099
	0.9694	0.879322	0.805318	0.761514	0.74441
	0.969396	0.879276	0.804723	0.75932	0.740899
	0.969395	0.879159	0.804131	0.757312	0.737559
	0.969402	0.879165	0.803653	0.755484	0.734388
	0.969411	0.879047	0.803165	0.753819	0.731382
	0.969413	0.879105	0.802767	0.752309	0.728536
	0.969404	0.878968	0.802356	0.75094	0.725846
	0.969392	0.879078	0.802019	0.749702	0.723308
	0.969387	0.878907	0.801668	0.748582	0.720917
	0.969394	0.879071	0.801382	0.74757	0.718669
	0.969407	0.87886	0.801083	0.746655	0.716558
	0.969418	0.87908	0.800843	0.74583	0.714582
	0.969412	0.878829	0.800593	0.745083	0.712734
	0.969405	0.879095	0.800394	0.744407	0.71101
	0.969385	0.878809	0.80019	0.743794	0.709403
	0.969391	0.879098	0.800029	0.743239	0.70791
	0.969382	0.878799	0.799869	0.742732	0.706525
	0.969419	0.879089	0.799739	0.742269	0.705243
	0.969393	0.878809	0.799619	0.741844	0.704057
	0.96945	0.879075	0.799518	0.741454	0.702963
	0.969359	0.878836	0.799431	0.741094	0.701955
	0.969469	0.87905	0.799356	0.74076	0.701028
	0.969285	0.878862	0.799294	0.740449	0.700176
	0.969531	0.879015	0.79924	0.74016	0.699394
	0.969191	0.878886	0.799195	0.73989	0.698677
	0.969677	0.878987	0.799158	0.739637	0.698019
	0.969044	0.878913	0.799128	0.739401	0.697415
	0.969897	0.878969	0.799104	0.73918	0.69686
	0.968792	0.878938	0.799086	0.738974	0.696351
	0.970182	0.878951	0.799068	0.738782	0.695882
	0.968448	0.878955	0.79906	0.738603	0.69545
	0.970518	0.878931	0.799045	0.738438	0.69505
	0.9681	0.878963	0.799042	0.738284	0.69468
	0.970823	0.878921	0.799032	0.738144	0.694335
	0.96789	0.878966	0.799029	0.738014	0.694016
	0.970924	0.878924	0.799027	0.737897	0.693714
	0.967987	0.878965	0.799021	0.737791	0.693436
	0.970637	0.878934	0.799025	0.737694	0.693169
	0.96849	0.878958	0.799019	0.737609	0.692925
	0.969948	0.878945	0.799021	0.737532	0.692684
	0.969275	0.878945	0.799019	0.737463	0.69247
	0.969149	0.878954	0.799018	0.737403	0.69225
	0.969959	0.878935	0.799019	0.73735	0.692063
	0.968699	0.878957	0.799018	0.737304	0.691858
	0.970098	0.878946	0.799016	0.737265	0.691699
	0.968896	0.878942	0.79902	0.737229	0.691502
	0.969675	0.878962	0.799017	0.737201	0.691374
	0.969471	0.878945	0.799019	0.737174	0.691179
	0.969262	0.878954	0.799019	0.737155	0.691085
	0.969694	0.878964	0.79902	0.737134	0.690884
	0.969445	0.878946	0.799018	0.737123	0.690833
	0.969459	0.878955	0.799019	0.737102	0.690612
	0.999874	1.00005	1.00005	1.00005	1.00005
	1.00416	1.00426	1.00429	1.00429	1.00429
	1.00907	1.01025	1.01035	1.01037	1.01037
	1.01412	1.017	1.0172	1.01722	1.01723
	1.02088	1.02342	1.02373	1.02377	1.02378
	1.02593	1.02898	1.02943	1.02948	1.02949
	1.02915	1.03382	1.03428	1.03434	1.03435
	1.03755	1.03817	1.03854	1.03861	1.03862
	1.04964	1.04228	1.04247	1.04253	1.04254
	1.05453	1.04639	1.04622	1.04625	1.04625
	1.05069	1.05039	1.0498	1.04978	1.04978
	1.04856	1.05396	1.05317	1.05309	1.05308
	1.0537	1.05698	1.05623	1.0561	1.05609
	1.0604	1.05948	1.05893	1.05878	1.05876
	1.0625	1.06136	1.06124	1.06109	1.06106
	1.06093	1.06285	1.06315	1.06303	1.06299
	1.05939	1.06457	1.06467	1.06458	1.06455
	1.05891	1.06668	1.06585	1.06579	1.06575
	1.0584	1.06842	1.06672	1.06662	1.06659
	1.05717	1.06904	1.0673	1.06712	1.06708
	1.05555	1.06874	1.06759	1.06727	1.06722
	1.05403	1.06835	1.06758	1.06712	1.06705
	1.05274	1.0683	1.0672	1.06665	1.06656
	1.05161	1.06819	1.06647	1.06592	1.06578
	1.05062	1.06752	1.06545	1.06489	1.06473
	1.04979	1.0663	1.06428	1.06363	1.06343
	1.04911	1.0649	1.06299	1.06213	1.06191
	1.04858	1.06357	1.0616	1.06044	1.06018
	1.04817	1.0623	1.06	1.05859	1.05828
	1.04786	1.06099	1.05825	1.05663	1.05623
	1.04762	1.05962	1.05635	1.05454	1.05405
	1.04744	1.05829	1.05446	1.05237	1.05176
	1.04731	1.05704	1.05254	1.05011	1.04939
	1.04723	1.05589	1.0507	1.04779	1.04695
	1.04717	1.0548	1.04879	1.04543	1.04446
	1.04712	1.05379	1.04696	1.04307	1.04192
	1.04708	1.05284	1.0451	1.0407	1.03935
	1.04706	1.05196	1.04342	1.03836	1.03677
	1.04705	1.05114	1.04175	1.03602	1.03418
	1.04705	1.05038	1.04028	1.03372	1.03159
	1.04703	1.04968	1.03878	1.03144	1.02901
	1.04702	1.04905	1.0375	1.02922	1.02644
	1.04702	1.04846	1.0362	1.02705	1.02389
	1.04703	1.04794	1.03511	1.02495	1.02136
	1.04703	1.04745	1.034	1.02291	1.01885
	1.04702	1.04705	1.03308	1.02095	1.01638
	1.04702	1.04665	1.03213	1.01905	1.01395
	1.04702	1.04637	1.03134	1.01723	1.01155
	1.04702	1.04605	1.03052	1.0155	1.0092
	1.04701	1.04588	1.02983	1.01384	1.00689
	1.04702	1.04559	1.0291	1.01227	1.00463
	1.04702	1.04554	1.02847	1.01077	1.00242
	1.04703	1.04527	1.02782	1.00935	1.00026
	1.04703	1.04532	1.02724	1.00802	0.998161
	1.04702	1.04505	1.02664	1.00676	0.996119
	1.04701	1.04519	1.0261	1.00558	0.994136
	1.04701	1.04488	1.02555	1.00446	0.992215
	1.04701	1.04513	1.02504	1.00342	0.990356
	1.04703	1.04477	1.02453	1.00244	0.988563
	1.04703	1.0451	1.02406	1.00153	0.986836
	1.04703	1.0447	1.02361	1.00067	0.985175
	1.04702	1.04509	1.02318	0.999864	0.98358
	1.047	1.04466	1.02278	0.999111	0.982052
	1.04701	1.04507	1.02241	0.998405	0.980591
	1.047	1.04465	1.02207	0.997741	0.979195
	1.04704	1.04504	1.02175	0.997117	0.977865
	1.047	1.04468	1.02147	0.996527	0.9766
	1.04708	1.04499	1.02121	0.995969	0.975397
	1.04696	1.04473	1.02098	0.995439	0.974257
	1.04711	1.04493	1.02078	0.994935	0.973178
	1.04687	1.04479	1.0206	0.994453	0.972157
	1.0472	1.04486	1.02044	0.993992	0.971193
	1.04675	1.04484	1.02031	0.993549	0.970284
	1.04738	1.04482	1.02019	0.993124	0.969427
	1.04656	1.04487	1.0201	0.992714	0.968622
	1.04765	1.04481	1.02001	0.99232	0.967862
	1.04625	1.04488	1.01995	0.991941	0.96715
	1.04799	1.04481	1.01989	0.991578	0.966477
	1.04584	1.04487	1.01984	0.991229	0.965849
	1.04838	1.04482	1.0198	0.990897	0.96525
	1.04547	1.04485	1.01977	0.99058	0.964697
	1.04869	1.04483	1.01975	0.99028	0.964161
	1.04529	1.04484	1.01973	0.989996	0.963672
	1.0487	1.04484	1.01971	0.98973	0.963188
	1.04552	1.04484	1.0197	0.989481	0.962755
	1.04823	1.04485	1.01969	0.98925	0.962312
	1.04624	1.04484	1.01968	0.989036	0.961929
	1.04733	1.04484	1.01968	0.98884	0.961515
	1.0472	1.04484	1.01967	0.988662	0.961178
	1.04644	1.04484	1.01967	0.988499	0.960782
	1.04784	1.04484	1.01967	0.988355	0.96049
	1.04618	1.04484	1.01967	0.988222	0.960103
	1.04766	1.04484	1.01966	0.988108	0.959857
	1.04675	1.04484	1.01966	0.988001	0.959468
	1.04693	1.04484	1.01966	0.987917	0.959273
	1.04737	1.04485	1.01966	0.987829	0.958873
	1.04678	1.04484	1.01966	0.987772	0.958735
	1.04718	1.04485	1.01966	0.987697	0.958314
	1.04722	1.04484	1.01966	0.987667	0.958242
	1.04707	1.04485	1.01966	0.987594	0.957789
	0.99985	1.00003	1.00003	1.00003	1.00003
	1.00226	1.00238	1.00242	1.00242	1.00242
	1.00486	1.00613	1.00625	1.00627	1.00627
	1.00792	1.01101	1.01124	1.01127	1.01128
	1.01353	1.01641	1.01677	1.01681	1.01682
	1.01819	1.02176	1.02226	1.02233	1.02234
	1.02165	1.02691	1.02744	1.02752	1.02754
	1.031	1.0319	1.03234	1.03242	1.03244
	1.04439	1.03683	1.03709	1.03717	1.03718
	1.04979	1.04192	1.04186	1.0419	1.04191
	1.04555	1.04717	1.04668	1.04668	1.04669
	1.04365	1.05224	1.05154	1.0515	1.05149
	1.0505	1.05692	1.05638	1.05628	1.05628
	1.05943	1.06126	1.06111	1.06101	1.06099
	1.0631	1.06522	1.06568	1.0656	1.06558
	1.06256	1.06892	1.07005	1.07004	1.07003
	1.06222	1.07295	1.07422	1.0743	1.0743
	1.06326	1.07766	1.07821	1.07838	1.07838
	1.06417	1.0823	1.08202	1.08223	1.08226
	1.06405	1.08567	1.08568	1.08589	1.08592
	1.06331	1.0877	1.08917	1.08931	1.08936
	1.06253	1.08952	1.09241	1.09252	1.09256
	1.06186	1.09189	1.0953	1.09547	1.09553
	1.06122	1.09437	1.09785	1.09819	1.09824
	1.06058	1.09606	1.10005	1.10064	1.10071
	1.06001	1.09679	1.10204	1.10285	1.10294
	1.05953	1.0971	1.10385	1.10479	1.10494
	1.05913	1.0974	1.10551	1.10652	1.10671
	1.0588	1.09765	1.10689	1.10802	1.10827
	1.05855	1.09762	1.10798	1.10935	1.10963
	1.05835	1.09729	1.1087	1.11049	1.11081
	1.0582	1.09681	1.10928	1.11146	1.11182
	1.05808	1.09629	1.10971	1.11226	1.11268
	1.058	1.09575	1.11012	1.1129	1.1134
	1.05794	1.09517	1.11029	1.11339	1.11399
	1.05788	1.09457	1.11036	1.11377	1.11446
	1.05785	1.09395	1.1102	1.11405	1.11483
	1.05783	1.09334	1.11009	1.11425	1.11511
	1.05782	1.09274	1.10984	1.11436	1.1153
	1.05781	1.09217	1.10968	1.11439	1.11542
	1.05779	1.09161	1.10934	1.11433	1.11547
	1.05777	1.0911	1.1091	1.11421	1.11546
	1.05778	1.09059	1.1087	1.11405	1.1154
	1.05779	1.09014	1.10845	1.11385	1.11528
	1.05779	1.0897	1.10806	1.11361	1.11511
	1.05778	1.08934	1.10781	1.11334	1.1149
	1.05777	1.08895	1.10742	1.11303	1.11464
	1.05777	1.08869	1.10715	1.1127	1.11436
	1.05777	1.08835	1.10678	1.11235	1.11404
	1.05778	1.08819	1.10649	1.11199	1.11369
	1.05778	1.08788	1.10612	1.11162	1.11331
	1.05778	1.08783	1.1058	1.11124	1.1129
	1.05778	1.08753	1.10543	1.11085	1.11247
	1.05778	1.08759	1.10507	1.11046	1.11202
	1.05777	1.08727	1.1047	1.11008	1.11155
	1.05777	1.08744	1.10431	1.10969	1.11107
	1.05777	1.08708	1.10392	1.1093	1.11057
	1.05778	1.08736	1.10352	1.10892	1.11006
	1.05778	1.08695	1.10312	1.10854	1.10954
	1.05779	1.08732	1.10271	1.10817	1.10901
	1.05778	1.08686	1.10232	1.1078	1.10848
	1.05777	1.0873	1.10192	1.10744	1.10795
	1.05775	1.08682	1.10154	1.10708	1.10741
	1.05777	1.08727	1.10117	1.10673	1.10687
	1.05776	1.08681	1.10082	1.10638	1.10634
	1.0578	1.08722	1.10048	1.10604	1.1058
	1.05776	1.08685	1.10017	1.1057	1.10527
	1.05784	1.08715	1.09988	1.10537	1.10475
	1.05771	1.08691	1.09961	1.10503	1.10423
	1.05787	1.08707	1.09936	1.1047	1.10372
	1.05762	1.08698	1.09914	1.10437	1.10322
	1.05796	1.087	1.09895	1.10405	1.10273
	1.05749	1.08703	1.09877	1.10372	1.10226
	1.05815	1.08696	1.09862	1.10339	1.10179
	1.05729	1.08705	1.09848	1.10306	1.10133
	1.05843	1.08696	1.09837	1.10272	1.10089
	1.05698	1.08705	1.09827	1.10239	1.10046
	1.05878	1.08698	1.09819	1.10206	1.10004
	1.05657	1.08702	1.09812	1.10173	1.09965
	1.05917	1.087	1.09806	1.10141	1.09924
	1.05619	1.087	1.09801	1.10108	1.09888
	1.05947	1.08701	1.09797	1.10077	1.0985
	1.05603	1.08699	1.09793	1.10046	1.09817
	1.05947	1.08701	1.09791	1.10016	1.0978
	1.05628	1.087	1.09789	1.09987	1.09749
	1.05897	1.087	1.09787	1.09959	1.09713
	1.05703	1.08701	1.09786	1.09933	1.09686
	1.05803	1.087	1.09785	1.09908	1.0965
	1.05801	1.08701	1.09784	1.09884	1.09626
	1.05713	1.087	1.09783	1.09862	1.09589
	1.05864	1.087	1.09783	1.09842	1.09568
	1.05693	1.08701	1.09782	1.09823	1.0953
	1.05837	1.087	1.09782	1.09807	1.09512
	1.05759	1.08701	1.09782	1.0979	1.09472
	1.05758	1.08701	1.09781	1.09778	1.09458
	1.0582	1.08701	1.09782	1.09763	1.09415
	1.05754	1.08701	1.09781	1.09755	1.09405
	1.05788	1.08701	1.09781	1.09742	1.09358
	1.05804	1.087	1.09781	1.09737	1.09353
	1.05781	1.08701	1.09781	1.09724	1.09303
	0.999834	1.00002	1.00002	1.00002	1.00002
	1.00143	1.00158	1.00162	1.00163	1.00163
	1.00286	1.00418	1.00431	1.00433	1.00433
	1.00448	1.00779	1.00804	1.00808	1.00808
	1.00889	1.01212	1.01251	1.01256	1.01257
	1.01304	1.01677	1.01731	1.01738	1.01739
	1.01639	1.02153	1.02212	1.02221	1.02222
	1.02549	1.02634	1.02683	1.02693	1.02694
	1.03847	1.03115	1.03146	1.03155	1.03157
	1.04353	1.03612	1.03611	1.03617	1.03618
	1.03888	1.04127	1.04083	1.04084	1.04086
	1.03656	1.04628	1.04563	1.04561	1.04561
	1.0434	1.05087	1.05047	1.0504	1.0504
	1.05269	1.05515	1.05529	1.05522	1.05521
	1.05675	1.05917	1.06002	1.05998	1.05998
	1.0565	1.06304	1.06463	1.06469	1.06468
	1.05658	1.06728	1.06911	1.06928	1.06929
	1.05831	1.07234	1.07347	1.07377	1.0738
	1.06005	1.07748	1.07774	1.07811	1.07817
	1.06073	1.08134	1.08196	1.08235	1.08242
	1.06071	1.08369	1.08607	1.08641	1.08651
	1.06061	1.08582	1.09	1.09034	1.09044
	1.06056	1.08876	1.09364	1.09408	1.0942
	1.06045	1.09203	1.09697	1.09766	1.09779
	1.06026	1.09448	1.09999	1.10102	1.10119
	1.06005	1.09582	1.10281	1.10419	1.1044
	1.05987	1.09666	1.10549	1.10713	1.10743
	1.05969	1.09756	1.10809	1.1099	1.11027
	1.05953	1.09846	1.11046	1.11247	1.11294
	1.0594	1.09905	1.11251	1.11489	1.11544
	1.0593	1.09927	1.11414	1.11714	1.11777
	1.05922	1.09929	1.11561	1.11924	1.11997
	1.05915	1.09926	1.11692	1.12117	1.12202
	1.0591	1.09921	1.11825	1.12295	1.12395
	1.05906	1.09909	1.11931	1.12456	1.12577
	1.05903	1.09892	1.12021	1.12606	1.12747
	1.05901	1.0987	1.1208	1.12745	1.12906
	1.059	1.09849	1.12142	1.12875	1.13056
	1.05899	1.09826	1.12187	1.12996	1.13198
	1.05897	1.09804	1.12239	1.13106	1.13333
	1.05895	1.09781	1.12266	1.13204	1.1346
	1.05895	1.09759	1.123	1.13294	1.13581
	1.05896	1.09736	1.12313	1.13378	1.13695
	1.05897	1.09716	1.12339	1.13455	1.13803
	1.05897	1.09694	1.12347	1.13527	1.13905
	1.05895	1.09678	1.12366	1.13592	1.14002
	1.05894	1.09656	1.12368	1.13649	1.14094
	1.05894	1.09645	1.1238	1.13701	1.14181
	1.05895	1.09623	1.1238	1.13749	1.14263
	1.05896	1.09618	1.12386	1.13792	1.1434
	1.05896	1.09596	1.12383	1.13832	1.14413
	1.05895	1.09599	1.12383	1.13866	1.14481
	1.05895	1.09574	1.12377	1.13897	1.14545
	1.05895	1.09586	1.12371	1.13925	1.14604
	1.05895	1.09557	1.12363	1.13949	1.1466
	1.05895	1.09577	1.12352	1.1397	1.14712
	1.05895	1.09543	1.1234	1.13988	1.14759
	1.05896	1.09573	1.12324	1.14004	1.14803
	1.05896	1.09533	1.12309	1.14017	1.14843
	1.05896	1.09572	1.12291	1.14027	1.1488
	1.05895	1.09526	1.12273	1.14036	1.14913
	1.05895	1.0957	1.12254	1.14042	1.14943
	1.05893	1.09522	1.12234	1.14046	1.1497
	1.05895	1.09568	1.12214	1.14049	1.14993
	1.05894	1.09522	1.12194	1.1405	1.15014
	1.05898	1.09563	1.12174	1.14049	1.15032
	1.05893	1.09526	1.12155	1.14047	1.15047
	1.05901	1.09556	1.12137	1.14044	1.1506
	1.05888	1.09533	1.1212	1.1404	1.1507
	1.05904	1.09548	1.12103	1.14034	1.15078
	1.05879	1.0954	1.12088	1.14027	1.15084
	1.05914	1.09541	1.12075	1.14018	1.15088
	1.05867	1.09545	1.12062	1.14009	1.15091
	1.05933	1.09537	1.12051	1.13998	1.15091
	1.05847	1.09547	1.12041	1.13986	1.15091
	1.0596	1.09537	1.12032	1.13973	1.15089
	1.05815	1.09546	1.12024	1.13959	1.15087
	1.05995	1.0954	1.12017	1.13943	1.15082
	1.05774	1.09543	1.12012	1.13927	1.15079
	1.06034	1.09542	1.12007	1.1391	1.15072
	1.05736	1.09541	1.12003	1.13892	1.15068
	1.06065	1.09543	1.11999	1.13874	1.15059
	1.0572	1.09541	1.11996	1.13856	1.15054
	1.06065	1.09542	1.11994	1.13837	1.15044
	1.05745	1.09542	1.11992	1.13818	1.15039
	1.06014	1.09541	1.1199	1.13799	1.15027
	1.05821	1.09543	1.11989	1.13781	1.15022
	1.05919	1.09542	1.11988	1.13763	1.15008
	1.05921	1.09542	1.11987	1.13745	1.15003
	1.05829	1.09542	1.11987	1.13728	1.14986
	1.05983	1.09541	1.11986	1.13713	1.14982
	1.0581	1.09542	1.11986	1.13697	1.14963
	1.05953	1.09542	1.11985	1.13684	1.1496
	1.0588	1.09542	1.11985	1.1367	1.14938
	1.05872	1.09542	1.11985	1.13659	1.14935
	1.05939	1.09542	1.11985	1.13646	1.1491
	1.05874	1.09542	1.11984	1.13639	1.14908
	1.05901	1.09543	1.11985	1.13627	1.1488
	1.05924	1.09542	1.11984	1.13623	1.14879
	1.05899	1.09543	1.11984	1.1361	1.14848
	0.999824	1.00001	1.00001	1.00001	1.00001
	1.00104	1.00119	1.00124	1.00124	1.00124
	1.0018	1.00318	1.00332	1.00334	1.00334
	1.00258	1.006	1.00627	1.00631	1.00631
	1.00624	1.00954	1.00995	1.01001	1.01002
	1.00992	1.01355	1.01412	1.0142	1.01421
	1.01278	1.01789	1.01851	1.01861	1.01862
	1.02128	1.02244	1.02296	1.02307	1.02309
	1.03395	1.02708	1.02742	1.02751	1.02753
	1.03905	1.03187	1.0319	1.03197	1.03199
	1.03426	1.03683	1.03645	1.03647	1.03649
	1.03141	1.04163	1.04106	1.04105	1.04105
	1.03782	1.04598	1.04572	1.04567	1.04567
	1.04711	1.04999	1.05037	1.05033	1.05032
	1.05142	1.05384	1.05495	1.05496	1.05497
	1.05139	1.05762	1.05944	1.05956	1.05957
	1.05168	1.06176	1.06382	1.06407	1.0641
	1.05377	1.06668	1.06812	1.06851	1.06855
	1.05603	1.07176	1.07236	1.07281	1.0729
	1.05727	1.07564	1.07656	1.07704	1.07714
	1.05777	1.07797	1.08068	1.08112	1.08125
	1.05816	1.08002	1.08465	1.0851	1.08524
	1.05856	1.08296	1.08834	1.08892	1.08908
	1.05886	1.08637	1.09175	1.09261	1.09277
	1.05903	1.08903	1.09487	1.0961	1.09631
	1.05911	1.09053	1.09781	1.09943	1.09969
	1.05916	1.09151	1.10062	1.10255	1.10291
	1.05918	1.09261	1.10342	1.10551	1.10597
	1.05917	1.09379	1.10602	1.10831	1.10887
	1.05917	1.0947	1.10833	1.11097	1.11163
	1.05916	1.09523	1.11018	1.11349	1.11424
	1.05915	1.09555	1.11185	1.11588	1.11673
	1.05913	1.09583	1.1134	1.1181	1.1191
	1.05911	1.0961	1.11501	1.12017	1.12135
	1.0591	1.0963	1.11635	1.1221	1.1235
	1.05909	1.09644	1.11752	1.12391	1.12555
	1.05909	1.09654	1.11835	1.12562	1.1275
	1.05909	1.09662	1.11922	1.12726	1.12936
	1.05908	1.0967	1.11992	1.12881	1.13115
	1.05906	1.09677	1.1207	1.13025	1.13287
	1.05905	1.09681	1.12122	1.13157	1.13453
	1.05906	1.09687	1.12179	1.1328	1.13613
	1.05907	1.09689	1.12214	1.13396	1.13767
	1.05908	1.09693	1.12262	1.13508	1.13915
	1.05907	1.09693	1.12291	1.13614	1.14058
	1.05905	1.09697	1.12331	1.13711	1.14195
	1.05905	1.09693	1.12353	1.13801	1.14328
	1.05905	1.09699	1.12385	1.13885	1.14457
	1.05907	1.09691	1.12404	1.13964	1.14581
	1.05907	1.09699	1.1243	1.1404	1.14701
	1.05906	1.09687	1.12447	1.1411	1.14816
	1.05906	1.09699	1.12467	1.14175	1.14926
	1.05905	1.09683	1.12482	1.14235	1.15032
	1.05905	1.097	1.12496	1.14291	1.15134
	1.05906	1.09676	1.12509	1.14343	1.15232
	1.05906	1.09701	1.1252	1.14392	1.15326
	1.05906	1.0967	1.1253	1.14437	1.15415
	1.05906	1.09704	1.12536	1.14478	1.155
	1.05906	1.09665	1.12544	1.14516	1.15581
	1.05906	1.09706	1.12548	1.14551	1.15658
	1.05905	1.09661	1.12552	1.14583	1.15732
	1.05905	1.09706	1.12553	1.14612	1.15801
	1.05904	1.09659	1.12555	1.14638	1.15867
	1.05906	1.09705	1.12554	1.14663	1.15929
	1.05905	1.0966	1.12553	1.14685	1.15987
	1.05909	1.09701	1.12552	1.14705	1.16041
	1.05904	1.09665	1.12549	1.14723	1.16092
	1.05911	1.09695	1.12547	1.1474	1.1614
	1.05898	1.09672	1.12543	1.14755	1.16184
	1.05915	1.09687	1.1254	1.14768	1.16225
	1.0589	1.09679	1.12537	1.1478	1.16263
	1.05925	1.0968	1.12533	1.14791	1.16299
	1.05878	1.09685	1.1253	1.148	1.16332
	1.05944	1.09676	1.12526	1.14808	1.16361
	1.05858	1.09686	1.12523	1.14815	1.1639
	1.05971	1.09676	1.1252	1.14821	1.16415
	1.05826	1.09685	1.12518	1.14825	1.16439
	1.06006	1.09679	1.12515	1.14828	1.1646
	1.05785	1.09682	1.12513	1.1483	1.1648
	1.06045	1.09681	1.12511	1.14831	1.16498
	1.05747	1.0968	1.12509	1.14831	1.16516
	1.06076	1.09682	1.12508	1.1483	1.1653
	1.05731	1.0968	1.12507	1.14828	1.16545
	1.06076	1.09681	1.12506	1.14826	1.16557
	1.05756	1.09682	1.12505	1.14823	1.1657
	1.06025	1.0968	1.12504	1.14818	1.1658
	1.05832	1.09682	1.12503	1.14814	1.16591
	1.0593	1.09681	1.12503	1.14809	1.16598
	1.05932	1.09681	1.12502	1.14804	1.16608
	1.05839	1.09681	1.12502	1.14799	1.16613
	1.05994	1.0968	1.12502	1.14794	1.16622
	1.05822	1.09681	1.12502	1.14788	1.16625
	1.05963	1.09681	1.12501	1.14783	1.16632
	1.05892	1.09681	1.12501	1.14777	1.16634
	1.05881	1.09681	1.12501	1.14773	1.16639
	1.0595	1.09682	1.12501	1.14767	1.16639
	1.05887	1.09681	1.12501	1.14764	1.16643
	1.0591	1.09682	1.12501	1.14758	1.16641
	1.05935	1.09681	1.12501	1.14757	1.16643
	1.05909	1.09682	1.12501	1.14751	1.1664
	0.999821	1.00001	1.00001	1.00001	1.00001
	1.00081	1.00098	1.00102	1.00103	1.00103
	1.00121	1.00261	1.00275	1.00277	1.00277
	1.00152	1.00494	1.00522	1.00525	1.00526
	1.00463	1.00793	1.00836	1.00841	1.00842
	1.0077	1.01144	1.01203	1.01211	1.01212
	1.01002	1.0154	1.01604	1.01614	1.01616
	1.01823	1.0197	1.02024	1.02036	1.02038
	1.03088	1.02418	1.02454	1.02464	1.02467
	1.03597	1.02883	1.0289	1.02898	1.02899
	1.03095	1.03363	1.03331	1.03335	1.03337
	1.0277	1.03825	1.03779	1.03779	1.03779
	1.03381	1.04241	1.0423	1.04226	1.04227
	1.04311	1.04626	1.0468	1.04679	1.04678
	1.04761	1.05	1.05124	1.05129	1.0513
	1.04773	1.0537	1.0556	1.05578	1.05579
	1.04816	1.05767	1.05987	1.06018	1.06023
	1.05046	1.06239	1.06408	1.06453	1.06459
	1.05305	1.06735	1.06825	1.06876	1.06887
	1.05467	1.07123	1.07238	1.07292	1.07304
	1.05553	1.07356	1.07644	1.07694	1.0771
	1.05623	1.07549	1.08034	1.08088	1.08104
	1.05694	1.07829	1.08398	1.08466	1.08485
	1.05754	1.08168	1.08736	1.08833	1.08852
	1.05797	1.08445	1.09046	1.0918	1.09205
	1.05827	1.08606	1.09339	1.09513	1.09543
	1.0585	1.08712	1.09621	1.09826	1.09867
	1.05867	1.08832	1.09901	1.10125	1.10175
	1.05879	1.08966	1.10165	1.10407	1.10469
	1.05888	1.09078	1.10401	1.10677	1.10749
	1.05895	1.09151	1.10591	1.10934	1.11015
	1.05899	1.09203	1.10762	1.11178	1.1127
	1.05901	1.0925	1.10921	1.11407	1.11513
	1.05903	1.09297	1.11089	1.11621	1.11745
	1.05904	1.09338	1.11233	1.1182	1.11967
	1.05906	1.09373	1.1136	1.12008	1.1218
	1.05907	1.09403	1.11451	1.12186	1.12383
	1.05907	1.09432	1.11547	1.12358	1.12578
	1.05906	1.0946	1.11626	1.12521	1.12765
	1.05905	1.09487	1.11715	1.12673	1.12946
	1.05906	1.09512	1.11777	1.12814	1.13121
	1.05907	1.09537	1.11843	1.12945	1.1329
	1.05908	1.09557	1.11887	1.1307	1.13454
	1.05908	1.0958	1.11944	1.13191	1.13612
	1.05906	1.09596	1.11983	1.13306	1.13765
	1.05905	1.09616	1.12032	1.13413	1.13913
	1.05906	1.09627	1.12064	1.13512	1.14056
	1.05907	1.09645	1.12104	1.13605	1.14196
	1.05908	1.09649	1.12133	1.13694	1.14331
	1.05908	1.09667	1.12168	1.13779	1.14462
	1.05907	1.09664	1.12196	1.13859	1.14589
	1.05906	1.09684	1.12227	1.13933	1.14711
	1.05906	1.09674	1.12253	1.14003	1.14828
	1.05906	1.09697	1.1228	1.14068	1.14943
	1.05907	1.09678	1.12306	1.1413	1.15053
	1.05907	1.09706	1.12331	1.14188	1.1516
	1.05907	1.09678	1.12356	1.14243	1.15262
	1.05907	1.09715	1.12378	1.14293	1.1536
	1.05907	1.09678	1.12401	1.1434	1.15455
	1.05907	1.0972	1.12421	1.14385	1.15545
	1.05906	1.09676	1.12442	1.14426	1.15632
	1.05907	1.09723	1.1246	1.14465	1.15715
	1.05905	1.09676	1.12478	1.14501	1.15794
	1.05908	1.09723	1.12494	1.14535	1.1587
	1.05906	1.09679	1.12508	1.14566	1.15941
	1.0591	1.0972	1.12522	1.14596	1.16009
	1.05904	1.09684	1.12534	1.14624	1.16074
	1.05912	1.09714	1.12545	1.14651	1.16135
	1.05899	1.09691	1.12554	1.14676	1.16193
	1.05916	1.09706	1.12563	1.147	1.16247
	1.05891	1.09699	1.1257	1.14722	1.16299
	1.05926	1.09699	1.12576	1.14744	1.16347
	1.05879	1.09704	1.12582	1.14765	1.16393
	1.05945	1.09696	1.12586	1.14785	1.16436
	1.05858	1.09706	1.1259	1.14804	1.16476
	1.05971	1.09696	1.12593	1.14823	1.16514
	1.05826	1.09705	1.12595	1.1484	1.1655
	1.06006	1.09699	1.12598	1.14857	1.16584
	1.05786	1.09702	1.12599	1.14873	1.16615
	1.06046	1.09701	1.12601	1.14888	1.16646
	1.05748	1.097	1.12602	1.14902	1.16673
	1.06077	1.09702	1.12602	1.14916	1.16701
	1.05732	1.097	1.12603	1.14928	1.16725
	1.06077	1.09701	1.12603	1.1494	1.1675
	1.05757	1.09701	1.12604	1.14951	1.16772
	1.06026	1.097	1.12604	1.14961	1.16795
	1.05832	1.09702	1.12604	1.14969	1.16814
	1.0593	1.09701	1.12604	1.14978	1.16836
	1.05933	1.097	1.12604	1.14985	1.16852
	1.0584	1.09701	1.12605	1.14991	1.16873
	1.05994	1.097	1.12604	1.14997	1.16887
	1.05823	1.09701	1.12605	1.15002	1.16907
	1.05963	1.09701	1.12604	1.15006	1.16919
	1.05894	1.09701	1.12605	1.1501	1.16939
	1.05882	1.09701	1.12605	1.15013	1.16948
	1.0595	1.09702	1.12605	1.15016	1.16969
	1.05889	1.09701	1.12605	1.15018	1.16975
	1.05911	1.09702	1.12605	1.1502	1.16996
	1.05935	1.09701	1.12605	1.15021	1.16999
	1.0591	1.09701	1.12605	1.15023	1.17021
	0.999817	1.00001	1.00001	1.00001	1.00001
	1.00069	1.00085	1.00089	1.0009	1.0009
	1.00086	1.00226	1.00241	1.00243	1.00243
	1.00085	1.00428	1.00457	1.00461	1.00461
	1.00354	1.00691	1.00735	1.00741	1.00742
	1.00614	1.01007	1.01067	1.01076	1.01077
	1.00815	1.01374	1.0144	1.0145	1.01452
	1.01628	1.01782	1.01839	1.01851	1.01853
	1.02887	1.02216	1.02255	1.02266	1.02268
	1.03379	1.02671	1.0268	1.02689	1.02691
	1.02857	1.03139	1.03113	1.03118	1.0312
	1.02515	1.03589	1.03551	1.03552	1.03553
	1.03112	1.03995	1.03992	1.0399	1.03991
	1.0404	1.04372	1.04432	1.04432	1.04433
	1.04497	1.04739	1.04866	1.04873	1.04875
	1.0452	1.05095	1.05293	1.05314	1.05316
	1.04573	1.05477	1.05713	1.05747	1.05752
	1.04817	1.05934	1.06127	1.06176	1.06182
	1.05096	1.06425	1.06537	1.06593	1.06604
	1.05281	1.06814	1.06944	1.07003	1.07016
	1.05392	1.07044	1.07344	1.07401	1.07418
	1.05484	1.07228	1.0773	1.0779	1.07808
	1.05577	1.07497	1.0809	1.08165	1.08185
	1.05657	1.07836	1.08424	1.08528	1.0855
	1.05718	1.08121	1.08732	1.08874	1.08901
	1.05763	1.08292	1.09024	1.09205	1.09238
	1.05798	1.08404	1.09303	1.09517	1.0956
	1.05826	1.0853	1.09581	1.09815	1.09868
	1.05848	1.08674	1.09844	1.10097	1.10162
	1.05865	1.08798	1.10082	1.10368	1.10443
	1.05877	1.08885	1.10275	1.10625	1.10711
	1.05885	1.08948	1.10446	1.10871	1.10967
	1.05891	1.09008	1.10606	1.11101	1.11211
	1.05896	1.09068	1.10777	1.11317	1.11445
	1.059	1.09124	1.10927	1.11518	1.11669
	1.05903	1.09172	1.1106	1.11707	1.11884
	1.05904	1.09216	1.11156	1.11887	1.12089
	1.05904	1.0926	1.11255	1.1206	1.12286
	1.05904	1.09301	1.11339	1.12226	1.12475
	1.05905	1.09343	1.11433	1.1238	1.12658
	1.05906	1.09381	1.115	1.12524	1.12835
	1.05908	1.09419	1.11571	1.12657	1.13006
	1.05908	1.09453	1.11619	1.12783	1.13172
	1.05907	1.09487	1.1168	1.12906	1.13332
	1.05905	1.09515	1.11724	1.13024	1.13486
	1.05905	1.09546	1.11777	1.13134	1.13636
	1.05907	1.09566	1.11813	1.13236	1.13781
	1.05908	1.09594	1.11858	1.13331	1.13923
	1.05908	1.09606	1.11892	1.13422	1.1406
	1.05907	1.09631	1.11933	1.1351	1.14194
	1.05906	1.09635	1.11967	1.13593	1.14322
	1.05906	1.0966	1.12004	1.1367	1.14447
	1.05906	1.09654	1.12038	1.13742	1.14567
	1.05907	1.09682	1.12072	1.1381	1.14684
	1.05907	1.09666	1.12107	1.13875	1.14797
	1.05907	1.09698	1.1214	1.13936	1.14907
	1.05907	1.09672	1.12174	1.13993	1.15012
	1.05907	1.0971	1.12206	1.14047	1.15113
	1.05907	1.09675	1.1224	1.14098	1.15211
	1.05907	1.09718	1.12271	1.14145	1.15305
	1.05906	1.09675	1.12303	1.1419	1.15395
	1.05907	1.09723	1.12332	1.14232	1.15482
	1.05906	1.09677	1.12361	1.14272	1.15564
	1.05908	1.09724	1.12389	1.1431	1.15643
	1.05906	1.0968	1.12414	1.14345	1.15719
	1.0591	1.09722	1.12439	1.14379	1.15791
	1.05904	1.09686	1.12461	1.14412	1.1586
	1.05912	1.09716	1.12482	1.14443	1.15925
	1.05899	1.09694	1.12501	1.14473	1.15987
	1.05916	1.09708	1.12518	1.14503	1.16046
	1.05891	1.09701	1.12533	1.14531	1.16101
	1.05927	1.09702	1.12547	1.14559	1.16154
	1.05879	1.09707	1.12558	1.14587	1.16204
	1.05945	1.09698	1.12569	1.14614	1.16252
	1.05858	1.09709	1.12578	1.1464	1.16296
	1.05971	1.09698	1.12586	1.14666	1.1634
	1.05826	1.09707	1.12592	1.14692	1.16379
	1.06006	1.09701	1.12598	1.14718	1.16419
	1.05786	1.09704	1.12603	1.14743	1.16454
	1.06046	1.09704	1.12607	1.14767	1.1649
	1.05748	1.09702	1.1261	1.14791	1.16521
	1.06077	1.09704	1.12613	1.14815	1.16555
	1.05732	1.09703	1.12615	1.14838	1.16582
	1.06077	1.09703	1.12617	1.1486	1.16614
	1.05757	1.09704	1.12618	1.1488	1.16638
	1.06026	1.09703	1.12619	1.14901	1.16669
	1.05832	1.09704	1.1262	1.14919	1.1669
	1.0593	1.09703	1.12621	1.14937	1.16721
	1.05933	1.09703	1.12621	1.14954	1.16739
	1.0584	1.09704	1.12622	1.1497	1.1677
	1.05994	1.09703	1.12622	1.14984	1.16785
	1.05823	1.09703	1.12622	1.14998	1.16816
	1.05963	1.09703	1.12622	1.15009	1.16829
	1.05894	1.09703	1.12623	1.15021	1.16862
	1.05882	1.09704	1.12623	1.15029	1.16872
	1.05949	1.09704	1.12623	1.15039	1.16906
	1.05889	1.09703	1.12623	1.15045	1.16913
	1.05911	1.09704	1.12623	1.15055	1.16949
	1.05935	1.09703	1.12623	1.15058	1.16952
	1.05909	1.09704	1.12623	1.15067	1.16991
	0.999814	1.00001	1.00001	1.00001	1.00001
	1.00061	1.00077	1.00082	1.00083	1.00083
	1.00064	1.00205	1.00221	1.00222	1.00223
	1.00041	1.0039	1.00419	1.00423	1.00424
	1.00286	1.00631	1.00676	1.00682	1.00683
	1.00524	1.00925	1.00986	1.00995	1.00996
	1.00711	1.01271	1.01339	1.0135	1.01352
	1.01512	1.01664	1.01724	1.01736	1.01738
	1.02757	1.02087	1.02129	1.02141	1.02143
	1.03235	1.02535	1.02548	1.02558	1.0256
	1.02706	1.02997	1.02975	1.0298	1.02983
	1.02359	1.03442	1.03407	1.03409	1.03411
	1.02948	1.03844	1.03841	1.03841	1.03842
	1.03868	1.04215	1.04274	1.04277	1.04277
	1.04326	1.04569	1.04703	1.04711	1.04713
	1.04357	1.04914	1.05125	1.05146	1.05149
	1.04418	1.05289	1.0554	1.05575	1.0558
	1.04671	1.05743	1.0595	1.05999	1.06007
	1.04959	1.06231	1.06354	1.06413	1.06425
	1.05158	1.06617	1.06756	1.0682	1.06834
	1.05285	1.06844	1.07152	1.07215	1.07232
	1.05393	1.07024	1.07535	1.07601	1.0762
	1.05499	1.07289	1.07894	1.07973	1.07995
	1.05591	1.07627	1.08226	1.08334	1.08358
	1.05664	1.07917	1.08532	1.08678	1.08707
	1.0572	1.08093	1.08821	1.09008	1.09043
	1.05764	1.08209	1.09098	1.0932	1.09365
	1.058	1.08338	1.09375	1.09618	1.09673
	1.05828	1.08487	1.09638	1.09899	1.09967
	1.05849	1.08619	1.09878	1.1017	1.10248
	1.05864	1.08714	1.10073	1.10427	1.10516
	1.05875	1.08786	1.10246	1.10673	1.10772
	1.05884	1.08854	1.10406	1.10904	1.11018
	1.05891	1.08923	1.10578	1.11121	1.11253
	1.05896	1.08987	1.10732	1.11323	1.11477
	1.05899	1.09045	1.10869	1.11513	1.11693
	1.05901	1.09098	1.10967	1.11694	1.11899
	1.05902	1.0915	1.11068	1.11867	1.12096
	1.05904	1.092	1.11154	1.12033	1.12286
	1.05905	1.0925	1.1125	1.1219	1.1247
	1.05906	1.09297	1.1132	1.12334	1.12647
	1.05907	1.09343	1.11394	1.12468	1.12819
	1.05907	1.09385	1.11444	1.12595	1.12985
	1.05906	1.09427	1.11507	1.12718	1.13145
	1.05905	1.09462	1.11553	1.12837	1.133
	1.05906	1.09499	1.11609	1.12949	1.1345
	1.05907	1.09526	1.11649	1.13051	1.13596
	1.05908	1.09559	1.11697	1.13147	1.13737
	1.05908	1.09577	1.11734	1.13238	1.13875
	1.05907	1.09606	1.11778	1.13327	1.14009
	1.05906	1.09614	1.11815	1.13411	1.14138
	1.05906	1.09643	1.11856	1.13489	1.14262
	1.05906	1.0964	1.11894	1.13562	1.14383
	1.05907	1.0967	1.11933	1.13631	1.145
	1.05908	1.09656	1.11973	1.13696	1.14614
	1.05907	1.0969	1.12011	1.13759	1.14724
	1.05907	1.09666	1.12051	1.13817	1.1483
	1.05907	1.09705	1.12089	1.13872	1.14931
	1.05906	1.09671	1.12129	1.13923	1.15029
	1.05907	1.09715	1.12167	1.13972	1.15124
	1.05906	1.09673	1.12205	1.14019	1.15215
	1.05907	1.09721	1.12242	1.14062	1.15302
	1.05906	1.09676	1.12278	1.14104	1.15386
	1.05908	1.09724	1.12312	1.14143	1.15465
	1.05906	1.0968	1.12345	1.14181	1.15542
	1.05909	1.09721	1.12376	1.14217	1.15615
	1.05904	1.09686	1.12405	1.14252	1.15684
	1.05912	1.09716	1.12432	1.14285	1.15751
	1.05899	1.09694	1.12456	1.14318	1.15814
	1.05916	1.09708	1.12479	1.1435	1.15874
	1.05892	1.09701	1.12499	1.14382	1.15931
	1.05927	1.09702	1.12518	1.14413	1.15986
	1.05879	1.09707	1.12534	1.14444	1.16036
	1.05945	1.09698	1.12548	1.14475	1.16086
	1.05858	1.09709	1.12561	1.14505	1.16132
	1.05971	1.09699	1.12572	1.14536	1.16177
	1.05826	1.09707	1.12581	1.14567	1.16217
	1.06006	1.09701	1.12589	1.14598	1.16259
	1.05786	1.09704	1.12596	1.14628	1.16295
	1.06046	1.09704	1.12601	1.14659	1.16334
	1.05748	1.09702	1.12606	1.14689	1.16366
	1.06077	1.09704	1.1261	1.14718	1.16402
	1.05732	1.09703	1.12613	1.14747	1.16431
	1.06077	1.09703	1.12616	1.14776	1.16466
	1.05756	1.09704	1.12618	1.14803	1.16491
	1.06026	1.09703	1.1262	1.14829	1.16525
	1.05832	1.09704	1.12621	1.14855	1.16547
	1.0593	1.09703	1.12622	1.14879	1.16582
	1.05933	1.09703	1.12623	1.14901	1.16601
	1.0584	1.09704	1.12624	1.14923	1.16636
	1.05994	1.09703	1.12624	1.14943	1.16652
	1.05823	1.09704	1.12625	1.14962	1.1669
	1.05963	1.09704	1.12625	1.14978	1.16702
	1.05894	1.09703	1.12625	1.14995	1.16742
	1.05882	1.09704	1.12625	1.15008	1.16752
	1.05949	1.09704	1.12626	1.15023	1.16794
	1.05889	1.09704	1.12626	1.15031	1.16801
	1.05911	1.09704	1.12626	1.15046	1.16847
	1.05934	1.09703	1.12626	1.1505	1.1685
	1.05909	1.09704	1.12626	1.15064	1.16899
	0.999814	1.00001	1.00001	1.00001	1.00001
	1.00057	1.00074	1.00078	1.00079	1.00079
	1.00053	1.00196	1.00211	1.00213	1.00213
	1.00021	1.00373	1.00401	1.00405	1.00406
	1.00258	1.00604	1.00648	1.00655	1.00656
	1.00487	1.00886	1.00948	1.00957	1.00958
	1.00662	1.01223	1.01291	1.01302	1.01304
	1.01453	1.01607	1.01668	1.01681	1.01683
	1.02691	1.02023	1.02069	1.0208	1.02083
	1.03167	1.02467	1.02484	1.02494	1.02496
	1.02635	1.02929	1.02908	1.02914	1.02916
	1.02286	1.03376	1.03337	1.0334	1.03341
	1.02871	1.03776	1.03768	1.03768	1.0377
	1.03787	1.04138	1.04198	1.04201	1.04202
	1.04245	1.04481	1.04624	1.04633	1.04635
	1.04279	1.0482	1.05044	1.05065	1.05068
	1.04344	1.05197	1.05457	1.05491	1.05497
	1.04601	1.05654	1.05864	1.05914	1.05921
	1.04896	1.06139	1.06265	1.06326	1.06338
	1.05101	1.0652	1.06664	1.06731	1.06745
	1.05234	1.06746	1.07058	1.07124	1.07142
	1.05349	1.06924	1.0744	1.07509	1.07528
	1.05461	1.07189	1.07799	1.0788	1.07903
	1.0556	1.07526	1.08131	1.0824	1.08264
	1.05638	1.07817	1.08435	1.08583	1.08613
	1.05698	1.07996	1.08722	1.08913	1.08948
	1.05746	1.08113	1.08997	1.09224	1.0927
	1.05786	1.08244	1.09274	1.09522	1.09578
	1.05817	1.08396	1.09538	1.09803	1.09872
	1.0584	1.08532	1.0978	1.10074	1.10153
	1.05856	1.08632	1.09977	1.10331	1.10421
	1.0587	1.08708	1.10149	1.10577	1.10678
	1.05881	1.0878	1.10309	1.10808	1.10924
	1.05889	1.08853	1.10482	1.11025	1.11159
	1.05894	1.08922	1.10637	1.11228	1.11384
	1.05897	1.08984	1.10775	1.11418	1.116
	1.059	1.09041	1.10874	1.11599	1.11806
	1.05902	1.09097	1.10975	1.11773	1.12004
	1.05904	1.09152	1.11062	1.1194	1.12194
	1.05905	1.09206	1.11161	1.12097	1.12378
	1.05906	1.09256	1.11232	1.12242	1.12555
	1.05906	1.09306	1.11307	1.12376	1.12727
	1.05906	1.09352	1.11359	1.12503	1.12894
	1.05905	1.09398	1.11424	1.12627	1.13054
	1.05906	1.09436	1.11471	1.12746	1.13209
	1.05907	1.09476	1.11528	1.12858	1.13359
	1.05908	1.09506	1.11569	1.12961	1.13505
	1.05908	1.09542	1.11619	1.13056	1.13646
	1.05907	1.09562	1.11657	1.13148	1.13784
	1.05906	1.09594	1.11703	1.13237	1.13918
	1.05906	1.09604	1.11741	1.13321	1.14047
	1.05906	1.09634	1.11784	1.13399	1.14172
	1.05907	1.09633	1.11824	1.13473	1.14292
	1.05908	1.09664	1.11866	1.13542	1.14409
	1.05908	1.09652	1.11907	1.13608	1.14523
	1.05907	1.09687	1.11948	1.13671	1.14633
	1.05907	1.09663	1.11991	1.1373	1.14739
	1.05906	1.09703	1.12032	1.13785	1.1484
	1.05906	1.09669	1.12075	1.13837	1.14938
	1.05907	1.09714	1.12116	1.13886	1.15033
	1.05907	1.09672	1.12157	1.13933	1.15124
	1.05907	1.09721	1.12197	1.13978	1.15211
	1.05906	1.09675	1.12236	1.1402	1.15295
	1.05908	1.09723	1.12274	1.1406	1.15375
	1.05906	1.09679	1.1231	1.14098	1.15451
	1.05909	1.09721	1.12344	1.14135	1.15525
	1.05904	1.09685	1.12376	1.14171	1.15595
	1.05912	1.09716	1.12406	1.14206	1.15661
	1.05899	1.09693	1.12434	1.14239	1.15724
	1.05917	1.09708	1.12459	1.14273	1.15785
	1.05892	1.09701	1.12482	1.14306	1.15842
	1.05927	1.09702	1.12502	1.14338	1.15897
	1.05879	1.09707	1.12521	1.14371	1.15949
	1.05945	1.09698	1.12537	1.14404	1.15999
	1.05858	1.09709	1.12551	1.14436	1.16045
	1.05971	1.09699	1.12563	1.14469	1.1609
	1.05826	1.09707	1.12574	1.14502	1.16131
	1.06006	1.09701	1.12583	1.14535	1.16174
	1.05786	1.09704	1.12591	1.14568	1.1621
	1.06047	1.09704	1.12598	1.14602	1.1625
	1.05749	1.09702	1.12603	1.14634	1.16282
	1.06078	1.09704	1.12608	1.14667	1.1632
	1.05731	1.09703	1.12611	1.14699	1.16348
	1.06077	1.09703	1.12614	1.1473	1.16384
	1.05756	1.09704	1.12617	1.1476	1.1641
	1.06026	1.09703	1.12619	1.1479	1.16446
	1.05832	1.09704	1.1262	1.14818	1.16467
	1.0593	1.09703	1.12622	1.14846	1.16504
	1.05933	1.09703	1.12623	1.14871	1.16523
	1.0584	1.09704	1.12624	1.14896	1.16561
	1.05994	1.09703	1.12624	1.14918	1.16577
	1.05823	1.09704	1.12625	1.1494	1.16617
	1.05963	1.09704	1.12625	1.14958	1.16629
	1.05894	1.09704	1.12625	1.14978	1.16673
	1.05882	1.09704	1.12626	1.14992	1.16682
	1.05949	1.09704	1.12626	1.1501	1.16729
	1.05888	1.09704	1.12626	1.1502	1.16735
	1.05911	1.09704	1.12626	1.15037	1.16785
	1.05934	1.09703	1.12626	1.15042	1.16788
	1.05909	1.09704	1.12626	1.15058	1.16841
	0.999814	1.00001	1.00001	1.00001	1.00001
	1.00057	1.00074	1.00078	1.00079	1.00079
	1.00053	1.00196	1.00211	1.00213	1.00213
	1.00021	1.00373	1.00401	1.00405	1.00406
	1.00257	1.00604	1.00648	1.00655	1.00656
	1.00487	1.00886	1.00948	1.00957	1.00958
	1.00663	1.01222	1.01291	1.01302	1.01304
	1.01454	1.01607	1.01668	1.01681	1.01683
	1.02691	1.02023	1.02069	1.0208	1.02083
	1.03166	1.02467	1.02484	1.02494	1.02496
	1.02634	1.02929	1.02908	1.02914	1.02916
	1.02287	1.03376	1.03337	1.0334	1.03341
	1.02873	1.03776	1.03768	1.03768	1.0377
	1.03788	1.04138	1.04198	1.04201	1.04202
	1.04244	1.04481	1.04624	1.04633	1.04635
	1.04279	1.0482	1.05044	1.05065	1.05068
	1.04345	1.05197	1.05457	1.05491	1.05497
	1.04602	1.05654	1.05864	1.05914	1.05921
	1.04896	1.06139	1.06265	1.06326	1.06338
	1.05101	1.0652	1.06664	1.06731	1.06745
	1.05234	1.06746	1.07058	1.07124	1.07142
	1.05349	1.06924	1.0744	1.07509	1.07528
	1.05461	1.07189	1.07799	1.0788	1.07903
	1.05559	1.07526	1.08131	1.0824	1.08264
	1.05637	1.07817	1.08435	1.08583	1.08613
	1.05698	1.07996	1.08722	1.08913	1.08948
	1.05747	1.08113	1.08997	1.09224	1.0927
	1.05786	1.08244	1.09274	1.09522	1.09578
	1.05816	1.08396	1.09538	1.09803	1.09872
	1.05839	1.08532	1.0978	1.10074	1.10153
	1.05857	1.08632	1.09977	1.10331	1.10421
	1.05871	1.08708	1.10149	1.10577	1.10678
	1.05882	1.0878	1.10309	1.10808	1.10924
	1.05889	1.08853	1.10482	1.11025	1.11159
	1.05893	1.08922	1.10637	1.11228	1.11384
	1.05897	1.08984	1.10775	1.11418	1.116
	1.059	1.09041	1.10874	1.11599	1.11806
	1.05902	1.09097	1.10975	1.11773	1.12004
	1.05904	1.09152	1.11062	1.1194	1.12194
	1.05905	1.09206	1.11161	1.12097	1.12378
	1.05906	1.09256	1.11232	1.12242	1.12555
	1.05906	1.09307	1.11307	1.12376	1.12727
	1.05905	1.09352	1.11359	1.12503	1.12894
	1.05906	1.09398	1.11424	1.12627	1.13054
	1.05906	1.09436	1.11471	1.12746	1.13209
	1.05907	1.09476	1.11528	1.12858	1.13359
	1.05908	1.09506	1.11569	1.12961	1.13505
	1.05908	1.09542	1.11619	1.13056	1.13646
	1.05907	1.09562	1.11657	1.13148	1.13784
	1.05906	1.09594	1.11703	1.13237	1.13918
	1.05906	1.09604	1.11741	1.13321	1.14047
	1.05906	1.09634	1.11784	1.13399	1.14172
	1.05907	1.09633	1.11824	1.13473	1.14292
	1.05908	1.09664	1.11866	1.13542	1.14409
	1.05907	1.09652	1.11907	1.13608	1.14523
	1.05907	1.09687	1.11948	1.13671	1.14633
	1.05906	1.09663	1.11991	1.1373	1.14739
	1.05906	1.09703	1.12032	1.13785	1.1484
	1.05906	1.09669	1.12075	1.13837	1.14938
	1.05907	1.09714	1.12116	1.13886	1.15033
	1.05907	1.09672	1.12157	1.13933	1.15124
	1.05907	1.09721	1.12197	1.13978	1.15211
	1.05906	1.09675	1.12236	1.1402	1.15295
	1.05908	1.09723	1.12274	1.1406	1.15375
	1.05905	1.09679	1.1231	1.14098	1.15451
	1.05909	1.09721	1.12344	1.14135	1.15525
	1.05903	1.09685	1.12376	1.14171	1.15595
	1.05912	1.09716	1.12406	1.14206	1.15661
	1.05899	1.09693	1.12434	1.14239	1.15724
	1.05917	1.09708	1.12459	1.14273	1.15785
	1.05892	1.09701	1.12482	1.14306	1.15842
	1.05927	1.09702	1.12502	1.14338	1.15897
	1.05879	1.09707	1.12521	1.14371	1.15949
	1.05945	1.09698	1.12537	1.14404	1.15999
	1.05858	1.09709	1.12551	1.14436	1.16045
	1.05971	1.09699	1.12563	1.14469	1.1609
	1.05826	1.09707	1.12574	1.14502	1.16131
	1.06006	1.09701	1.12583	1.14535	1.16174
	1.05786	1.09704	1.12591	1.14568	1.1621
	1.06047	1.09704	1.12597	1.14601	1.1625
	1.05749	1.09703	1.12603	1.14634	1.16282
	1.06078	1.09704	1.12607	1.14667	1.1632
	1.05731	1.09703	1.12611	1.14699	1.16348
	1.06077	1.09703	1.12614	1.1473	1.16384
	1.05756	1.09704	1.12617	1.1476	1.1641
	1.06026	1.09703	1.12619	1.1479	1.16446
	1.05832	1.09704	1.1262	1.14818	1.16467
	1.05931	1.09703	1.12622	1.14846	1.16504
	1.05932	1.09703	1.12623	1.14871	1.16523
	1.0584	1.09704	1.12624	1.14896	1.16561
	1.05994	1.09703	1.12624	1.14918	1.16577
	1.05823	1.09704	1.12625	1.1494	1.16617
	1.05963	1.09704	1.12625	1.14958	1.16629
	1.05894	1.09704	1.12625	1.14978	1.16673
	1.05882	1.09704	1.12626	1.14992	1.16682
	1.05949	1.09704	1.12626	1.1501	1.16729
	1.05888	1.09704	1.12626	1.1502	1.16735
	1.0591	1.09704	1.12626	1.15036	1.16785
	1.05934	1.09703	1.12626	1.15042	1.16788
	1.05908	1.09704	1.12626	1.15058	1.16841
	0.999815	1.00001	1.00001	1.00001	1.00001
	1.00061	1.00077	1.00082	1.00083	1.00083
	1.00064	1.00205	1.00221	1.00222	1.00223
	1.00041	1.0039	1.00419	1.00423	1.00424
	1.00286	1.00631	1.00676	1.00682	1.00683
	1.00524	1.00925	1.00986	1.00995	1.00996
	1.00711	1.01271	1.01339	1.0135	1.01352
	1.01512	1.01664	1.01724	1.01736	1.01738
	1.02756	1.02087	1.02129	1.02141	1.02143
	1.03236	1.02535	1.02548	1.02558	1.0256
	1.02705	1.02997	1.02975	1.0298	1.02983
	1.02358	1.03442	1.03407	1.03409	1.03411
	1.02949	1.03844	1.03841	1.03841	1.03842
	1.0387	1.04215	1.04274	1.04277	1.04277
	1.04327	1.04569	1.04703	1.04711	1.04713
	1.04358	1.04914	1.05125	1.05146	1.05149
	1.04419	1.05289	1.0554	1.05575	1.0558
	1.04671	1.05743	1.0595	1.05999	1.06007
	1.04961	1.06231	1.06354	1.06413	1.06425
	1.0516	1.06616	1.06756	1.0682	1.06834
	1.05285	1.06844	1.07152	1.07215	1.07232
	1.05393	1.07024	1.07535	1.07601	1.0762
	1.05499	1.07289	1.07894	1.07973	1.07995
	1.05591	1.07627	1.08226	1.08334	1.08358
	1.05664	1.07917	1.08532	1.08678	1.08707
	1.0572	1.08093	1.08821	1.09008	1.09043
	1.05765	1.08209	1.09098	1.0932	1.09365
	1.05799	1.08338	1.09375	1.09618	1.09673
	1.05826	1.08487	1.09638	1.09899	1.09967
	1.05847	1.08619	1.09878	1.1017	1.10248
	1.05864	1.08714	1.10073	1.10427	1.10516
	1.05876	1.08786	1.10246	1.10673	1.10772
	1.05885	1.08854	1.10406	1.10904	1.11018
	1.05891	1.08923	1.10579	1.11121	1.11253
	1.05895	1.08987	1.10732	1.11323	1.11477
	1.05898	1.09045	1.10869	1.11513	1.11693
	1.05901	1.09098	1.10967	1.11694	1.11899
	1.05904	1.0915	1.11068	1.11867	1.12096
	1.05905	1.092	1.11154	1.12033	1.12286
	1.05905	1.0925	1.1125	1.1219	1.1247
	1.05906	1.09297	1.1132	1.12334	1.12647
	1.05906	1.09343	1.11394	1.12468	1.12819
	1.05906	1.09384	1.11444	1.12595	1.12985
	1.05906	1.09426	1.11508	1.12718	1.13145
	1.05907	1.09461	1.11553	1.12837	1.133
	1.05907	1.09499	1.11609	1.12949	1.1345
	1.05908	1.09526	1.11648	1.13051	1.13596
	1.05907	1.09559	1.11697	1.13147	1.13737
	1.05906	1.09576	1.11733	1.13238	1.13875
	1.05906	1.09606	1.11778	1.13327	1.14009
	1.05906	1.09614	1.11815	1.13411	1.14138
	1.05907	1.09642	1.11856	1.13489	1.14262
	1.05907	1.0964	1.11894	1.13562	1.14383
	1.05908	1.0967	1.11933	1.13631	1.145
	1.05907	1.09656	1.11972	1.13696	1.14614
	1.05907	1.0969	1.12011	1.13759	1.14724
	1.05906	1.09666	1.12051	1.13817	1.1483
	1.05906	1.09705	1.12089	1.13872	1.14931
	1.05907	1.09671	1.12129	1.13923	1.15029
	1.05907	1.09715	1.12167	1.13972	1.15124
	1.05907	1.09673	1.12205	1.14019	1.15215
	1.05907	1.09722	1.12241	1.14062	1.15302
	1.05906	1.09676	1.12277	1.14104	1.15386
	1.05908	1.09724	1.12312	1.14143	1.15465
	1.05905	1.09679	1.12344	1.14181	1.15542
	1.05909	1.09721	1.12375	1.14217	1.15615
	1.05903	1.09685	1.12404	1.14252	1.15684
	1.05912	1.09716	1.12431	1.14285	1.15751
	1.059	1.09693	1.12456	1.14318	1.15814
	1.05917	1.09709	1.12479	1.1435	1.15874
	1.05892	1.09701	1.12499	1.14382	1.15931
	1.05927	1.09702	1.12517	1.14413	1.15986
	1.05879	1.09707	1.12534	1.14444	1.16036
	1.05944	1.09698	1.12548	1.14475	1.16086
	1.05858	1.09709	1.1256	1.14505	1.16132
	1.05971	1.09699	1.12571	1.14536	1.16177
	1.05826	1.09707	1.12581	1.14567	1.16217
	1.06006	1.09701	1.12589	1.14597	1.16259
	1.05786	1.09704	1.12595	1.14628	1.16295
	1.06047	1.09704	1.12601	1.14658	1.16334
	1.05749	1.09703	1.12606	1.14688	1.16366
	1.06078	1.09704	1.1261	1.14718	1.16402
	1.05731	1.09703	1.12613	1.14747	1.16431
	1.06077	1.09703	1.12616	1.14775	1.16466
	1.05756	1.09704	1.12618	1.14802	1.16491
	1.06026	1.09703	1.1262	1.14829	1.16525
	1.05831	1.09704	1.12621	1.14854	1.16547
	1.05931	1.09703	1.12622	1.14879	1.16582
	1.05932	1.09703	1.12623	1.14901	1.166
	1.0584	1.09704	1.12624	1.14923	1.16636
	1.05994	1.09703	1.12624	1.14942	1.16652
	1.05823	1.09704	1.12625	1.14962	1.16689
	1.05963	1.09704	1.12625	1.14978	1.16702
	1.05894	1.09704	1.12625	1.14995	1.16742
	1.05882	1.09704	1.12625	1.15007	1.16752
	1.05948	1.09704	1.12626	1.15023	1.16794
	1.05888	1.09704	1.12626	1.15031	1.16801
	1.0591	1.09704	1.12626	1.15045	1.16847
	1.05934	1.09703	1.12626	1.1505	1.1685
	1.05908	1.09704	1.12626	1.15064	1.16898
	0.999817	1.00001	1.00001	1.00001	1.00001
	1.00069	1.00085	1.00089	1.0009	1.0009
	1.00086	1.00226	1.00241	1.00243	1.00243
	1.00085	1.00428	1.00457	1.00461	1.00461
	1.00354	1.00691	1.00735	1.00741	1.00742
	1.00613	1.01007	1.01067	1.01076	1.01077
	1.00814	1.01374	1.0144	1.0145	1.01452
	1.01627	1.01782	1.01839	1.01851	1.01853
	1.02887	1.02216	1.02255	1.02266	1.02268
	1.03381	1.02671	1.0268	1.02689	1.02691
	1.02857	1.03139	1.03113	1.03118	1.0312
	1.02511	1.03589	1.03551	1.03552	1.03553
	1.0311	1.03995	1.03992	1.0399	1.03991
	1.0404	1.04372	1.04432	1.04432	1.04433
	1.04497	1.04739	1.04866	1.04873	1.04875
	1.04518	1.05095	1.05293	1.05314	1.05316
	1.0457	1.05477	1.05713	1.05747	1.05752
	1.04815	1.05934	1.06127	1.06176	1.06182
	1.05095	1.06424	1.06537	1.06593	1.06604
	1.0528	1.06814	1.06944	1.07003	1.07016
	1.05389	1.07045	1.07344	1.07401	1.07418
	1.05482	1.07228	1.0773	1.0779	1.07808
	1.05575	1.07497	1.0809	1.08165	1.08185
	1.05655	1.07836	1.08424	1.08528	1.0855
	1.05717	1.08121	1.08732	1.08874	1.08901
	1.05763	1.08292	1.09024	1.09205	1.09238
	1.05798	1.08404	1.09303	1.09517	1.0956
	1.05825	1.08529	1.09581	1.09815	1.09868
	1.05847	1.08673	1.09844	1.10097	1.10162
	1.05864	1.08798	1.10082	1.10368	1.10443
	1.05877	1.08884	1.10275	1.10625	1.10711
	1.05886	1.08948	1.10447	1.10871	1.10967
	1.05891	1.09007	1.10606	1.11101	1.11211
	1.05895	1.09068	1.10777	1.11317	1.11445
	1.05899	1.09123	1.10927	1.11518	1.11669
	1.05901	1.09171	1.1106	1.11707	1.11884
	1.05904	1.09215	1.11156	1.11887	1.12089
	1.05905	1.09258	1.11255	1.1206	1.12286
	1.05905	1.093	1.11339	1.12226	1.12475
	1.05906	1.09342	1.11433	1.1238	1.12658
	1.05906	1.0938	1.115	1.12524	1.12835
	1.05906	1.09418	1.11571	1.12657	1.13006
	1.05906	1.09451	1.11619	1.12783	1.13172
	1.05907	1.09486	1.1168	1.12906	1.13332
	1.05907	1.09514	1.11723	1.13024	1.13486
	1.05907	1.09545	1.11777	1.13134	1.13636
	1.05907	1.09565	1.11813	1.13236	1.13781
	1.05907	1.09593	1.11858	1.13331	1.13923
	1.05906	1.09605	1.11892	1.13422	1.1406
	1.05906	1.0963	1.11933	1.1351	1.14194
	1.05907	1.09634	1.11966	1.13593	1.14322
	1.05907	1.09659	1.12003	1.1367	1.14447
	1.05908	1.09654	1.12037	1.13742	1.14567
	1.05907	1.09681	1.12072	1.1381	1.14684
	1.05907	1.09666	1.12106	1.13875	1.14797
	1.05906	1.09698	1.12139	1.13936	1.14907
	1.05906	1.09672	1.12173	1.13993	1.15012
	1.05907	1.09709	1.12206	1.14047	1.15113
	1.05907	1.09674	1.12239	1.14098	1.15211
	1.05907	1.09718	1.1227	1.14145	1.15305
	1.05907	1.09675	1.12302	1.1419	1.15395
	1.05907	1.09723	1.12331	1.14232	1.15482
	1.05906	1.09677	1.1236	1.14272	1.15564
	1.05908	1.09724	1.12388	1.1431	1.15643
	1.05905	1.0968	1.12413	1.14345	1.15719
	1.05909	1.09722	1.12438	1.14379	1.15791
	1.05903	1.09686	1.1246	1.14412	1.1586
	1.05912	1.09716	1.12481	1.14443	1.15925
	1.059	1.09693	1.125	1.14473	1.15987
	1.05917	1.09709	1.12517	1.14503	1.16046
	1.05892	1.09701	1.12532	1.14531	1.16101
	1.05927	1.09702	1.12546	1.14559	1.16154
	1.05879	1.09707	1.12558	1.14586	1.16204
	1.05944	1.09698	1.12568	1.14613	1.16252
	1.05858	1.09709	1.12577	1.1464	1.16296
	1.05971	1.09698	1.12585	1.14666	1.1634
	1.05826	1.09707	1.12592	1.14692	1.16379
	1.06007	1.09701	1.12598	1.14717	1.16419
	1.05786	1.09704	1.12602	1.14742	1.16454
	1.06047	1.09704	1.12606	1.14767	1.1649
	1.05748	1.09702	1.1261	1.14791	1.16521
	1.06078	1.09704	1.12612	1.14814	1.16555
	1.05731	1.09703	1.12614	1.14837	1.16582
	1.06077	1.09703	1.12616	1.14859	1.16614
	1.05755	1.09704	1.12618	1.1488	1.16638
	1.06026	1.09702	1.12619	1.149	1.16669
	1.05831	1.09704	1.1262	1.14919	1.1669
	1.05931	1.09703	1.12621	1.14937	1.16721
	1.05932	1.09703	1.12621	1.14953	1.16739
	1.05841	1.09704	1.12622	1.14969	1.16769
	1.05994	1.09703	1.12622	1.14983	1.16785
	1.05823	1.09703	1.12622	1.14997	1.16816
	1.05963	1.09704	1.12622	1.15008	1.16829
	1.05893	1.09703	1.12623	1.1502	1.16862
	1.05882	1.09703	1.12623	1.15028	1.16871
	1.05948	1.09704	1.12623	1.15039	1.16906
	1.05888	1.09703	1.12623	1.15045	1.16912
	1.0591	1.09704	1.12623	1.15054	1.16949
	1.05934	1.09703	1.12623	1.15057	1.16952
	1.05908	1.09704	1.12623	1.15066	1.16991
	0.999819	1.00001	1.00001	1.00001	1.00001
	1.00082	1.00098	1.00102	1.00103	1.00103
	1.00121	1.00261	1.00275	1.00277	1.00277
	1.00152	1.00494	1.00522	1.00525	1.00526
	1.00464	1.00793	1.00836	1.00841	1.00842
	1.0077	1.01144	1.01203	1.01211	1.01212
	1.01001	1.0154	1.01604	1.01614	1.01616
	1.01821	1.0197	1.02024	1.02036	1.02038
	1.03087	1.02418	1.02454	1.02464	1.02467
	1.03598	1.02883	1.0289	1.02898	1.02899
	1.03096	1.03363	1.03331	1.03334	1.03337
	1.02768	1.03825	1.03779	1.03779	1.03779
	1.03378	1.04242	1.0423	1.04226	1.04227
	1.04311	1.04626	1.0468	1.04679	1.04678
	1.04761	1.05	1.05124	1.05129	1.0513
	1.0477	1.0537	1.0556	1.05578	1.05579
	1.04812	1.05768	1.05987	1.06018	1.06023
	1.05045	1.06239	1.06408	1.06453	1.06459
	1.05304	1.06735	1.06825	1.06876	1.06887
	1.05464	1.07123	1.07238	1.07292	1.07304
	1.05549	1.07356	1.07644	1.07694	1.0771
	1.0562	1.07549	1.08034	1.08088	1.08104
	1.05693	1.07828	1.08398	1.08466	1.08485
	1.05753	1.08168	1.08736	1.08833	1.08852
	1.05796	1.08445	1.09046	1.0918	1.09205
	1.05825	1.08606	1.09339	1.09513	1.09543
	1.05847	1.08712	1.09621	1.09826	1.09866
	1.05864	1.08832	1.09901	1.10125	1.10175
	1.05878	1.08966	1.10165	1.10407	1.10469
	1.05887	1.09077	1.10401	1.10677	1.10749
	1.05894	1.0915	1.10591	1.10934	1.11015
	1.05898	1.09202	1.10762	1.11178	1.1127
	1.059	1.09249	1.10921	1.11407	1.11513
	1.05902	1.09296	1.11089	1.11621	1.11745
	1.05904	1.09337	1.11233	1.1182	1.11967
	1.05906	1.09371	1.1136	1.12008	1.1218
	1.05906	1.09401	1.11451	1.12186	1.12383
	1.05906	1.0943	1.11547	1.12358	1.12578
	1.05906	1.09458	1.11626	1.12521	1.12765
	1.05906	1.09486	1.11715	1.12673	1.12946
	1.05907	1.0951	1.11777	1.12814	1.13121
	1.05907	1.09535	1.11843	1.12945	1.1329
	1.05907	1.09556	1.11887	1.1307	1.13454
	1.05907	1.09578	1.11944	1.13191	1.13612
	1.05907	1.09594	1.11983	1.13306	1.13765
	1.05907	1.09614	1.12032	1.13413	1.13913
	1.05907	1.09625	1.12063	1.13512	1.14056
	1.05906	1.09644	1.12104	1.13605	1.14196
	1.05906	1.09648	1.12133	1.13694	1.14331
	1.05906	1.09666	1.12168	1.13779	1.14462
	1.05907	1.09663	1.12196	1.13859	1.14589
	1.05907	1.09683	1.12226	1.13933	1.14711
	1.05907	1.09673	1.12253	1.14003	1.14828
	1.05907	1.09696	1.1228	1.14068	1.14943
	1.05906	1.09677	1.12306	1.1413	1.15053
	1.05906	1.09706	1.1233	1.14188	1.1516
	1.05906	1.09678	1.12355	1.14243	1.15262
	1.05907	1.09714	1.12377	1.14293	1.1536
	1.05907	1.09677	1.124	1.1434	1.15455
	1.05907	1.0972	1.1242	1.14385	1.15545
	1.05907	1.09676	1.1244	1.14426	1.15632
	1.05907	1.09723	1.12459	1.14465	1.15715
	1.05906	1.09676	1.12476	1.14501	1.15794
	1.05907	1.09723	1.12492	1.14535	1.1587
	1.05905	1.09678	1.12507	1.14566	1.15941
	1.05909	1.0972	1.12521	1.14596	1.16009
	1.05903	1.09684	1.12533	1.14624	1.16074
	1.05912	1.09714	1.12543	1.14651	1.16135
	1.059	1.09691	1.12553	1.14676	1.16193
	1.05917	1.09706	1.12562	1.147	1.16247
	1.05892	1.09699	1.12569	1.14722	1.16299
	1.05927	1.097	1.12575	1.14744	1.16347
	1.05879	1.09704	1.12581	1.14765	1.16393
	1.05944	1.09696	1.12585	1.14785	1.16436
	1.05857	1.09706	1.12589	1.14804	1.16476
	1.05971	1.09696	1.12592	1.14822	1.16514
	1.05826	1.09705	1.12595	1.1484	1.1655
	1.06007	1.09699	1.12597	1.14856	1.16584
	1.05786	1.09702	1.12599	1.14872	1.16615
	1.06047	1.09701	1.126	1.14887	1.16646
	1.05748	1.097	1.12601	1.14901	1.16673
	1.06078	1.09702	1.12602	1.14915	1.16701
	1.05731	1.097	1.12603	1.14927	1.16725
	1.06077	1.09701	1.12603	1.14939	1.1675
	1.05755	1.09701	1.12603	1.1495	1.16772
	1.06026	1.097	1.12604	1.14959	1.16795
	1.05831	1.09702	1.12604	1.14968	1.16814
	1.05931	1.09701	1.12604	1.14976	1.16835
	1.05932	1.097	1.12604	1.14984	1.16852
	1.05841	1.09701	1.12605	1.1499	1.16873
	1.05994	1.097	1.12604	1.14996	1.16887
	1.05823	1.09701	1.12605	1.15001	1.16907
	1.05963	1.09701	1.12604	1.15005	1.16919
	1.05893	1.09701	1.12605	1.15009	1.16939
	1.05882	1.09701	1.12605	1.15012	1.16948
	1.05948	1.09701	1.12605	1.15015	1.16968
	1.05887	1.09701	1.12605	1.15017	1.16975
	1.0591	1.09702	1.12605	1.15019	1.16995
	1.05934	1.09701	1.12605	1.1502	1.16998
	1.05908	1.09701	1.12605	1.15022	1.1702
	0.999823	1.00001	1.00001	1.00001	1.00001
	1.00104	1.0012	1.00124	1.00124	1.00124
	1.00181	1.00318	1.00332	1.00334	1.00334
	1.00257	1.006	1.00627	1.00631	1.00631
	1.00622	1.00954	1.00995	1.01001	1.01002
	1.00993	1.01355	1.01412	1.0142	1.01421
	1.01282	1.01789	1.01851	1.01861	1.01862
	1.02128	1.02244	1.02296	1.02307	1.02309
	1.0339	1.02708	1.02742	1.02751	1.02753
	1.03902	1.03187	1.0319	1.03197	1.03199
	1.03428	1.03683	1.03645	1.03647	1.03649
	1.03144	1.04163	1.04106	1.04105	1.04105
	1.0378	1.04598	1.04572	1.04567	1.04567
	1.04709	1.04998	1.05037	1.05033	1.05032
	1.05141	1.05383	1.05495	1.05496	1.05497
	1.05137	1.05763	1.05944	1.05956	1.05957
	1.05166	1.06177	1.06382	1.06407	1.0641
	1.05377	1.06667	1.06812	1.06851	1.06855
	1.05602	1.07175	1.07236	1.07281	1.0729
	1.05724	1.07563	1.07656	1.07704	1.07714
	1.05774	1.07797	1.08068	1.08112	1.08125
	1.05813	1.08002	1.08465	1.0851	1.08524
	1.05855	1.08296	1.08834	1.08892	1.08908
	1.05885	1.08637	1.09175	1.09261	1.09277
	1.05901	1.08903	1.09487	1.0961	1.09631
	1.05909	1.09053	1.09781	1.09943	1.09969
	1.05914	1.09151	1.10062	1.10255	1.10291
	1.05916	1.09261	1.10342	1.10551	1.10597
	1.05917	1.09379	1.10602	1.10831	1.10887
	1.05916	1.0947	1.10833	1.11097	1.11163
	1.05915	1.09522	1.11018	1.11349	1.11424
	1.05913	1.09554	1.11185	1.11588	1.11673
	1.05912	1.09583	1.1134	1.1181	1.1191
	1.0591	1.0961	1.11501	1.12017	1.12135
	1.0591	1.0963	1.11635	1.1221	1.1235
	1.05909	1.09643	1.11752	1.12391	1.12555
	1.05908	1.09652	1.11835	1.12562	1.1275
	1.05907	1.09661	1.11922	1.12726	1.12936
	1.05907	1.09668	1.11992	1.12881	1.13115
	1.05907	1.09675	1.1207	1.13025	1.13287
	1.05907	1.0968	1.12122	1.13157	1.13453
	1.05906	1.09685	1.12179	1.1328	1.13613
	1.05906	1.09687	1.12214	1.13396	1.13767
	1.05906	1.09691	1.12261	1.13508	1.13915
	1.05906	1.09691	1.12291	1.13614	1.14058
	1.05906	1.09695	1.12331	1.13711	1.14195
	1.05906	1.09692	1.12353	1.13801	1.14328
	1.05906	1.09697	1.12385	1.13885	1.14457
	1.05906	1.0969	1.12404	1.13964	1.14581
	1.05906	1.09698	1.1243	1.1404	1.14701
	1.05906	1.09686	1.12447	1.1411	1.14816
	1.05906	1.09698	1.12466	1.14175	1.14926
	1.05906	1.09681	1.12481	1.14235	1.15032
	1.05906	1.09699	1.12496	1.14291	1.15134
	1.05905	1.09676	1.12509	1.14343	1.15232
	1.05905	1.09701	1.12519	1.14392	1.15326
	1.05906	1.09669	1.12529	1.14437	1.15415
	1.05906	1.09703	1.12536	1.14478	1.155
	1.05906	1.09664	1.12543	1.14516	1.15581
	1.05907	1.09705	1.12546	1.14551	1.15658
	1.05906	1.0966	1.1255	1.14583	1.15732
	1.05906	1.09706	1.12552	1.14612	1.15801
	1.05905	1.09659	1.12553	1.14638	1.15867
	1.05907	1.09705	1.12553	1.14663	1.15929
	1.05904	1.0966	1.12552	1.14685	1.15987
	1.05908	1.09701	1.1255	1.14705	1.16041
	1.05903	1.09665	1.12548	1.14723	1.16092
	1.05911	1.09695	1.12545	1.1474	1.1614
	1.05899	1.09672	1.12542	1.14755	1.16184
	1.05916	1.09687	1.12539	1.14768	1.16225
	1.05891	1.09679	1.12535	1.1478	1.16263
	1.05926	1.0968	1.12532	1.14791	1.16299
	1.05878	1.09685	1.12529	1.148	1.16332
	1.05943	1.09676	1.12525	1.14808	1.16361
	1.05856	1.09687	1.12522	1.14815	1.1639
	1.0597	1.09676	1.12519	1.1482	1.16415
	1.05825	1.09685	1.12517	1.14824	1.16439
	1.06006	1.09679	1.12514	1.14828	1.1646
	1.05785	1.09682	1.12512	1.1483	1.1648
	1.06046	1.09681	1.12511	1.1483	1.16498
	1.05747	1.0968	1.12509	1.1483	1.16516
	1.06077	1.09682	1.12508	1.14829	1.1653
	1.0573	1.0968	1.12506	1.14827	1.16545
	1.06077	1.09681	1.12505	1.14825	1.16557
	1.05754	1.09682	1.12504	1.14821	1.1657
	1.06026	1.0968	1.12504	1.14817	1.1658
	1.05829	1.09682	1.12503	1.14813	1.16591
	1.05931	1.09681	1.12503	1.14808	1.16598
	1.0593	1.09681	1.12502	1.14803	1.16608
	1.0584	1.09682	1.12502	1.14798	1.16613
	1.05993	1.0968	1.12502	1.14793	1.16622
	1.05822	1.09681	1.12502	1.14787	1.16625
	1.05963	1.09681	1.12501	1.14782	1.16632
	1.05892	1.09681	1.12501	1.14776	1.16633
	1.05881	1.09681	1.12501	1.14772	1.16639
	1.05947	1.09682	1.12501	1.14766	1.16639
	1.05885	1.09681	1.12501	1.14763	1.16642
	1.05909	1.09682	1.12501	1.14758	1.16641
	1.05933	1.09681	1.12501	1.14756	1.16643
	1.05907	1.09682	1.12501	1.1475	1.1664
	0.999831	1.00002	1.00002	1.00002	1.00002
	1.00143	1.00158	1.00162	1.00163	1.00163
	1.00287	1.00418	1.00431	1.00433	1.00433
	1.00447	1.00779	1.00804	1.00808	1.00808
	1.00885	1.01212	1.01251	1.01256	1.01257
	1.01305	1.01677	1.01731	1.01738	1.01739
	1.01646	1.02153	1.02212	1.02221	1.02222
	1.0255	1.02634	1.02683	1.02693	1.02694
	1.03841	1.03115	1.03146	1.03155	1.03157
	1.04348	1.03612	1.03611	1.03617	1.03618
	1.0389	1.04127	1.04083	1.04084	1.04086
	1.0366	1.04628	1.04563	1.04561	1.04561
	1.0434	1.05087	1.05047	1.0504	1.0504
	1.05267	1.05514	1.05529	1.05522	1.05521
	1.05672	1.05917	1.06002	1.05998	1.05998
	1.05648	1.06305	1.06463	1.06469	1.06468
	1.05658	1.06729	1.06911	1.06928	1.06929
	1.05832	1.07234	1.07347	1.07377	1.0738
	1.06004	1.07748	1.07774	1.07811	1.07817
	1.0607	1.08134	1.08196	1.08235	1.08242
	1.06068	1.08369	1.08607	1.08641	1.08651
	1.06059	1.08582	1.09	1.09034	1.09044
	1.06054	1.08876	1.09364	1.09408	1.0942
	1.06043	1.09203	1.09697	1.09766	1.09779
	1.06024	1.09448	1.09999	1.10102	1.10119
	1.06003	1.09581	1.10281	1.10419	1.1044
	1.05984	1.09666	1.10549	1.10713	1.10743
	1.05967	1.09757	1.10809	1.1099	1.11027
	1.05952	1.09847	1.11046	1.11247	1.11294
	1.0594	1.09905	1.11251	1.11489	1.11544
	1.05929	1.09926	1.11414	1.11714	1.11777
	1.05921	1.09929	1.11561	1.11924	1.11997
	1.05914	1.09926	1.11692	1.12117	1.12202
	1.05909	1.09921	1.11825	1.12294	1.12395
	1.05906	1.09909	1.11931	1.12456	1.12577
	1.05903	1.09891	1.12021	1.12606	1.12747
	1.059	1.0987	1.1208	1.12745	1.12906
	1.05899	1.09848	1.12142	1.12875	1.13056
	1.05898	1.09825	1.12187	1.12996	1.13198
	1.05897	1.09803	1.12239	1.13106	1.13333
	1.05897	1.09779	1.12266	1.13205	1.1346
	1.05896	1.09757	1.123	1.13294	1.13581
	1.05896	1.09734	1.12313	1.13378	1.13695
	1.05896	1.09715	1.12339	1.13455	1.13803
	1.05895	1.09692	1.12347	1.13527	1.13905
	1.05895	1.09676	1.12365	1.13592	1.14002
	1.05895	1.09654	1.12368	1.13649	1.14094
	1.05895	1.09643	1.1238	1.13701	1.14181
	1.05895	1.09622	1.1238	1.13749	1.14263
	1.05895	1.09617	1.12386	1.13792	1.1434
	1.05896	1.09595	1.12383	1.13832	1.14413
	1.05896	1.09598	1.12383	1.13866	1.14481
	1.05895	1.09573	1.12377	1.13897	1.14545
	1.05895	1.09585	1.12371	1.13925	1.14604
	1.05895	1.09556	1.12362	1.13949	1.1466
	1.05895	1.09577	1.12351	1.1397	1.14712
	1.05895	1.09542	1.12339	1.13988	1.14759
	1.05895	1.09573	1.12324	1.14004	1.14803
	1.05896	1.09532	1.12309	1.14017	1.14843
	1.05896	1.09571	1.1229	1.14027	1.1488
	1.05895	1.09525	1.12272	1.14035	1.14913
	1.05895	1.0957	1.12253	1.14042	1.14943
	1.05894	1.09522	1.12233	1.14046	1.1497
	1.05896	1.09568	1.12213	1.14049	1.14993
	1.05894	1.09522	1.12193	1.1405	1.15014
	1.05897	1.09563	1.12173	1.14049	1.15032
	1.05892	1.09526	1.12154	1.14047	1.15047
	1.059	1.09556	1.12136	1.14044	1.1506
	1.05888	1.09533	1.12118	1.1404	1.1507
	1.05905	1.09548	1.12102	1.14034	1.15078
	1.05881	1.0954	1.12087	1.14026	1.15084
	1.05915	1.09541	1.12073	1.14018	1.15088
	1.05867	1.09545	1.12061	1.14008	1.15091
	1.05933	1.09537	1.1205	1.13998	1.15091
	1.05846	1.09547	1.1204	1.13986	1.15091
	1.05959	1.09537	1.12031	1.13972	1.15089
	1.05814	1.09546	1.12023	1.13958	1.15087
	1.05995	1.0954	1.12017	1.13943	1.15082
	1.05774	1.09543	1.12011	1.13927	1.15079
	1.06036	1.09542	1.12006	1.13909	1.15072
	1.05737	1.09541	1.12002	1.13892	1.15068
	1.06067	1.09543	1.11999	1.13873	1.15059
	1.05719	1.09541	1.11996	1.13855	1.15054
	1.06066	1.09542	1.11994	1.13836	1.15044
	1.05743	1.09542	1.11991	1.13817	1.15039
	1.06015	1.09541	1.1199	1.13798	1.15027
	1.05818	1.09543	1.11989	1.1378	1.15022
	1.05921	1.09541	1.11988	1.13761	1.15007
	1.05919	1.09542	1.11987	1.13744	1.15003
	1.0583	1.09542	1.11986	1.13727	1.14986
	1.05982	1.09541	1.11986	1.13712	1.14982
	1.05811	1.09542	1.11986	1.13696	1.14963
	1.05953	1.09542	1.11985	1.13683	1.1496
	1.05879	1.09542	1.11985	1.13669	1.14938
	1.05871	1.09542	1.11985	1.13658	1.14935
	1.05937	1.09542	1.11985	1.13645	1.1491
	1.05873	1.09542	1.11984	1.13638	1.14908
	1.059	1.09543	1.11985	1.13626	1.1488
	1.05922	1.09542	1.11984	1.13622	1.14879
	1.05896	1.09543	1.11984	1.1361	1.14847
	0.999845	1.00003	1.00003	1.00003	1.00003
	1.00226	1.00238	1.00242	1.00242	1.00242
	1.00487	1.00613	1.00625	1.00627	1.00627
	1.0079	1.01101	1.01124	1.01127	1.01128
	1.01349	1.01641	1.01677	1.01681	1.01682
	1.01823	1.02176	1.02226	1.02233	1.02234
	1.0217	1.02691	1.02744	1.02752	1.02754
	1.03098	1.0319	1.03234	1.03242	1.03244
	1.04434	1.03683	1.03709	1.03717	1.03718
	1.04977	1.04191	1.04186	1.0419	1.04191
	1.04554	1.04717	1.04668	1.04668	1.04669
	1.04364	1.05224	1.05154	1.0515	1.05149
	1.05054	1.05691	1.05638	1.05628	1.05628
	1.05947	1.06125	1.06111	1.06101	1.06099
	1.06309	1.06522	1.06568	1.0656	1.06558
	1.06253	1.06893	1.07005	1.07004	1.07003
	1.06222	1.07295	1.07422	1.0743	1.0743
	1.06329	1.07766	1.07821	1.07838	1.07838
	1.06418	1.08229	1.08202	1.08223	1.08226
	1.06403	1.08567	1.08568	1.08589	1.08592
	1.06329	1.0877	1.08917	1.08931	1.08936
	1.06252	1.08952	1.09241	1.09252	1.09256
	1.06185	1.09189	1.0953	1.09547	1.09553
	1.06119	1.09437	1.09785	1.09819	1.09824
	1.06056	1.09605	1.10005	1.10064	1.10071
	1.05999	1.09679	1.10204	1.10285	1.10294
	1.05951	1.0971	1.10385	1.10479	1.10494
	1.05911	1.09741	1.10551	1.10652	1.10671
	1.05879	1.09765	1.10689	1.10802	1.10827
	1.05853	1.09762	1.10798	1.10935	1.10963
	1.05833	1.09729	1.1087	1.11049	1.11081
	1.05818	1.09681	1.10929	1.11146	1.11182
	1.05807	1.09629	1.10971	1.11226	1.11268
	1.05799	1.09575	1.11012	1.1129	1.1134
	1.05793	1.09517	1.11029	1.11339	1.11399
	1.05788	1.09457	1.11036	1.11377	1.11446
	1.05785	1.09394	1.1102	1.11405	1.11483
	1.05782	1.09333	1.11009	1.11425	1.11511
	1.05781	1.09273	1.10984	1.11436	1.1153
	1.0578	1.09216	1.10968	1.11439	1.11542
	1.05779	1.0916	1.10934	1.11433	1.11547
	1.05779	1.09108	1.1091	1.11421	1.11546
	1.05778	1.09058	1.1087	1.11405	1.1154
	1.05778	1.09013	1.10845	1.11385	1.11528
	1.05778	1.08968	1.10806	1.11361	1.11511
	1.05778	1.08932	1.10781	1.11334	1.11489
	1.05777	1.08893	1.10742	1.11303	1.11464
	1.05777	1.08867	1.10715	1.1127	1.11436
	1.05778	1.08833	1.10677	1.11235	1.11404
	1.05778	1.08817	1.10649	1.11199	1.11369
	1.05778	1.08787	1.10612	1.11162	1.11331
	1.05778	1.08782	1.1058	1.11124	1.1129
	1.05778	1.08752	1.10543	1.11085	1.11247
	1.05777	1.08758	1.10507	1.11046	1.11202
	1.05777	1.08726	1.10469	1.11007	1.11155
	1.05777	1.08744	1.10431	1.10969	1.11107
	1.05778	1.08708	1.10392	1.1093	1.11057
	1.05778	1.08736	1.10351	1.10892	1.11006
	1.05778	1.08694	1.10312	1.10854	1.10954
	1.05778	1.08732	1.10271	1.10817	1.10901
	1.05777	1.08686	1.10231	1.1078	1.10848
	1.05778	1.0873	1.10191	1.10744	1.10795
	1.05777	1.08681	1.10153	1.10708	1.10741
	1.05778	1.08727	1.10116	1.10673	1.10687
	1.05776	1.08681	1.10081	1.10638	1.10634
	1.0578	1.08722	1.10047	1.10604	1.1058
	1.05774	1.08685	1.10016	1.1057	1.10527
	1.05783	1.08715	1.09986	1.10537	1.10475
	1.05771	1.08691	1.0996	1.10503	1.10423
	1.05788	1.08707	1.09935	1.1047	1.10372
	1.05763	1.08698	1.09913	1.10437	1.10322
	1.05798	1.087	1.09894	1.10404	1.10273
	1.0575	1.08703	1.09876	1.10371	1.10226
	1.05815	1.08696	1.09861	1.10338	1.10179
	1.05728	1.08706	1.09848	1.10305	1.10133
	1.05841	1.08696	1.09836	1.10272	1.10089
	1.05696	1.08705	1.09826	1.10239	1.10046
	1.05878	1.08698	1.09818	1.10206	1.10004
	1.05657	1.08702	1.09811	1.10173	1.09965
	1.05918	1.087	1.09805	1.1014	1.09924
	1.05619	1.087	1.098	1.10108	1.09888
	1.05949	1.08701	1.09797	1.10076	1.0985
	1.05601	1.087	1.09793	1.10045	1.09816
	1.05948	1.08701	1.09791	1.10015	1.0978
	1.05625	1.087	1.09789	1.09986	1.09749
	1.05898	1.087	1.09787	1.09958	1.09713
	1.057	1.08701	1.09785	1.09932	1.09686
	1.05804	1.087	1.09785	1.09907	1.0965
	1.058	1.08701	1.09784	1.09883	1.09626
	1.05714	1.087	1.09783	1.09861	1.09589
	1.05863	1.087	1.09782	1.09841	1.09568
	1.05693	1.08701	1.09782	1.09822	1.0953
	1.05837	1.087	1.09782	1.09806	1.09512
	1.05758	1.08701	1.09782	1.09789	1.09472
	1.05756	1.087	1.09781	1.09777	1.09457
	1.05818	1.08701	1.09782	1.09763	1.09414
	1.05753	1.087	1.09781	1.09754	1.09404
	1.05785	1.08701	1.09781	1.09741	1.09358
	1.05802	1.087	1.09781	1.09737	1.09353
	1.05779	1.08701	1.09781	1.09724	1.09302
	0.999865	1.00005	1.00005	1.00005	1.00005
	1.00417	1.00426	1.00429	1.00429	1.00429
	1.00909	1.01024	1.01035	1.01037	1.01037
	1.01405	1.017	1.0172	1.01722	1.01723
	1.02084	1.02342	1.02373	1.02377	1.02378
	1.02604	1.02898	1.02943	1.02948	1.02949
	1.02921	1.03382	1.03428	1.03434	1.03435
	1.03746	1.03817	1.03854	1.03861	1.03862
	1.04959	1.04229	1.04247	1.04253	1.04254
	1.0546	1.04638	1.04622	1.04625	1.04625
	1.0507	1.05039	1.0498	1.04978	1.04978
	1.0485	1.05396	1.05317	1.05309	1.05308
	1.05372	1.05698	1.05623	1.0561	1.05609
	1.06049	1.05947	1.05893	1.05878	1.05876
	1.06253	1.06136	1.06124	1.06109	1.06106
	1.06089	1.06286	1.06315	1.06303	1.06299
	1.05937	1.06457	1.06467	1.06458	1.06455
	1.05894	1.06667	1.06585	1.06579	1.06575
	1.05842	1.06842	1.06672	1.06662	1.06659
	1.05715	1.06904	1.0673	1.06712	1.06708
	1.05552	1.06873	1.06759	1.06727	1.06722
	1.05402	1.06835	1.06758	1.06712	1.06705
	1.05272	1.0683	1.06719	1.06665	1.06656
	1.05159	1.06819	1.06647	1.06592	1.06578
	1.0506	1.06752	1.06545	1.06489	1.06473
	1.04977	1.0663	1.06428	1.06363	1.06343
	1.0491	1.0649	1.06299	1.06213	1.06191
	1.04857	1.06358	1.06159	1.06044	1.06018
	1.04815	1.06231	1.06	1.05859	1.05828
	1.04784	1.06099	1.05825	1.05663	1.05623
	1.0476	1.05962	1.05635	1.05454	1.05405
	1.04743	1.05829	1.05446	1.05237	1.05176
	1.04731	1.05705	1.05254	1.05011	1.04939
	1.04722	1.05589	1.05069	1.04779	1.04695
	1.04716	1.0548	1.04879	1.04543	1.04446
	1.04711	1.05379	1.04696	1.04307	1.04192
	1.04708	1.05284	1.0451	1.0407	1.03935
	1.04706	1.05195	1.04342	1.03836	1.03677
	1.04704	1.05113	1.04175	1.03602	1.03418
	1.04704	1.05037	1.04027	1.03372	1.03159
	1.04703	1.04967	1.03878	1.03144	1.02901
	1.04703	1.04904	1.0375	1.02922	1.02644
	1.04702	1.04844	1.0362	1.02705	1.02388
	1.04702	1.04793	1.03511	1.02495	1.02136
	1.04702	1.04744	1.034	1.02291	1.01885
	1.04702	1.04704	1.03308	1.02095	1.01638
	1.04702	1.04664	1.03213	1.01905	1.01395
	1.04702	1.04636	1.03134	1.01723	1.01155
	1.04702	1.04603	1.03051	1.0155	1.0092
	1.04702	1.04587	1.02983	1.01384	1.00689
	1.04702	1.04559	1.0291	1.01227	1.00463
	1.04702	1.04553	1.02847	1.01077	1.00242
	1.04702	1.04527	1.02782	1.00935	1.00026
	1.04702	1.04531	1.02724	1.00802	0.998161
	1.04702	1.04504	1.02664	1.00676	0.996118
	1.04702	1.04519	1.02609	1.00557	0.994135
	1.04702	1.04488	1.02554	1.00446	0.992214
	1.04702	1.04513	1.02503	1.00342	0.990356
	1.04702	1.04477	1.02453	1.00244	0.988562
	1.04702	1.0451	1.02405	1.00152	0.986835
	1.04702	1.04469	1.0236	1.00067	0.985174
	1.04702	1.04509	1.02317	0.999863	0.983579
	1.04701	1.04465	1.02277	0.99911	0.982051
	1.04703	1.04508	1.0224	0.998404	0.98059
	1.04701	1.04465	1.02206	0.99774	0.979194
	1.04704	1.04504	1.02174	0.997115	0.977864
	1.04699	1.04468	1.02146	0.996525	0.976599
	1.04707	1.04499	1.0212	0.995967	0.975396
	1.04695	1.04473	1.02097	0.995437	0.974256
	1.04712	1.04493	1.02077	0.994932	0.973176
	1.04688	1.04479	1.02059	0.99445	0.972156
	1.04721	1.04487	1.02043	0.993988	0.971192
	1.04675	1.04484	1.0203	0.993545	0.970283
	1.04738	1.04482	1.02019	0.993119	0.969426
	1.04654	1.04487	1.02009	0.992709	0.968621
	1.04764	1.04481	1.02001	0.992315	0.96786
	1.04623	1.04488	1.01994	0.991936	0.967149
	1.04799	1.04481	1.01988	0.991572	0.966475
	1.04584	1.04487	1.01984	0.991223	0.965847
	1.04839	1.04482	1.0198	0.99089	0.965249
	1.04547	1.04485	1.01977	0.990573	0.964695
	1.0487	1.04484	1.01975	0.990273	0.964159
	1.04528	1.04484	1.01973	0.989989	0.96367
	1.04871	1.04484	1.01971	0.989723	0.963186
	1.0455	1.04484	1.0197	0.989474	0.962753
	1.04824	1.04484	1.01969	0.989243	0.962309
	1.0462	1.04484	1.01968	0.98903	0.961926
	1.04734	1.04484	1.01968	0.988834	0.961512
	1.04718	1.04484	1.01967	0.988656	0.961175
	1.04645	1.04484	1.01967	0.988493	0.960779
	1.04783	1.04484	1.01967	0.988349	0.960486
	1.04618	1.04484	1.01967	0.988216	0.960099
	1.04766	1.04484	1.01966	0.988103	0.959853
	1.04674	1.04484	1.01966	0.987996	0.959464
	1.0469	1.04484	1.01966	0.987912	0.959268
	1.04735	1.04485	1.01966	0.987825	0.958869
	1.04676	1.04484	1.01966	0.987768	0.95873
	1.04715	1.04485	1.01966	0.987693	0.958309
	1.0472	1.04484	1.01966	0.987664	0.958238
	1.04704	1.04484	1.01966	0.987591	0.957784
	0.999962	1.00015	1.00014	1.00014	1.00014
	1.00766	1.00772	1.00775	1.00775	1.00775
	1.01451	1.01549	1.01559	1.0156	1.0156
	1.01882	1.02147	1.02164	1.02166	1.02166
	1.02231	1.02463	1.0249	1.02494	1.02494
	1.02247	1.02511	1.02549	1.02554	1.02554
	1.02016	1.0237	1.02406	1.02411	1.02412
	1.02204	1.02104	1.02129	1.02133	1.02134
	1.02589	1.0176	1.01761	1.01764	1.01764
	1.02251	1.01368	1.01324	1.01323	1.01322
	1.01231	1.00915	1.00824	1.00815	1.00814
	1.00455	1.00377	1.00259	1.00243	1.00241
	1.00277	0.997561	0.996299	0.996069	0.996033
	1.00197	0.990629	0.989398	0.989115	0.989062
	0.998096	0.983058	0.981945	0.981627	0.981561
	0.992428	0.975334	0.974025	0.973693	0.973611
	0.987629	0.968047	0.96577	0.965385	0.965293
	0.984238	0.961065	0.957305	0.956796	0.956683
	0.981425	0.953761	0.948698	0.947989	0.94785
	0.978743	0.945952	0.940005	0.939042	0.938858
	0.976362	0.938181	0.931287	0.930003	0.929763
	0.974476	0.93106	0.922587	0.920943	0.920622
	0.973064	0.924669	0.913912	0.911894	0.911487
	0.971997	0.918729	0.905326	0.902919	0.902406
	0.971202	0.913071	0.896931	0.894049	0.893419
	0.970619	0.907803	0.888859	0.88534	0.884566
	0.970202	0.903109	0.881152	0.876806	0.875878
	0.969912	0.899066	0.873802	0.868501	0.867384
	0.969715	0.895612	0.866764	0.860446	0.859103
	0.969586	0.892655	0.860094	0.852684	0.851056
	0.969503	0.89018	0.853831	0.845205	0.843253
	0.969454	0.888145	0.84805	0.838022	0.835707
	0.969425	0.88649	0.842711	0.831129	0.828423
	0.969408	0.885162	0.83784	0.824553	0.821401
	0.969396	0.884099	0.833364	0.81829	0.814637
	0.969389	0.883243	0.829344	0.812359	0.808131
	0.969387	0.882549	0.8257	0.80674	0.801878
	0.969388	0.881985	0.822506	0.801438	0.795876
	0.969391	0.881517	0.819638	0.796433	0.790117
	0.969395	0.881128	0.817175	0.791731	0.784595
	0.969397	0.880792	0.814966	0.787315	0.779301
	0.969398	0.880508	0.813103	0.783193	0.774228
	0.969398	0.880254	0.811428	0.779343	0.769371
	0.969398	0.880044	0.810049	0.775767	0.764722
	0.969398	0.879845	0.808791	0.772442	0.760276
	0.969398	0.879695	0.807773	0.769368	0.756026
	0.969399	0.879537	0.806817	0.766525	0.751969
	0.969401	0.879442	0.806053	0.763913	0.748098
	0.969403	0.879314	0.805315	0.761512	0.74441
	0.969405	0.87927	0.80472	0.759318	0.740898
	0.969404	0.879155	0.804128	0.75731	0.737558
	0.969402	0.879161	0.803649	0.755482	0.734387
	0.9694	0.879043	0.803161	0.753817	0.731381
	0.969399	0.879099	0.802762	0.752308	0.728535
	0.969399	0.878962	0.80235	0.750939	0.725845
	0.969402	0.879073	0.802013	0.749701	0.723307
	0.969404	0.878904	0.801661	0.74858	0.720916
	0.969407	0.879072	0.801375	0.747568	0.718667
	0.969406	0.87886	0.801076	0.746654	0.716557
	0.969405	0.879082	0.800836	0.745828	0.714581
	0.9694	0.878827	0.800586	0.745081	0.712733
	0.969403	0.879093	0.800388	0.744405	0.711008
	0.969395	0.878805	0.800184	0.743792	0.709402
	0.969407	0.879099	0.800022	0.743236	0.707909
	0.969393	0.878799	0.799863	0.742729	0.706524
	0.969419	0.879094	0.799734	0.742266	0.705241
	0.969383	0.878809	0.799614	0.741841	0.704056
	0.969439	0.879076	0.799514	0.741451	0.702962
	0.969355	0.878832	0.799427	0.74109	0.701954
	0.969476	0.879049	0.799352	0.740756	0.701027
	0.9693	0.878861	0.79929	0.740445	0.700175
	0.969548	0.879019	0.799237	0.740156	0.699393
	0.9692	0.878889	0.799193	0.739886	0.698675
	0.969677	0.878992	0.799157	0.739633	0.698017
	0.969033	0.878914	0.799127	0.739397	0.697413
	0.969886	0.878969	0.799102	0.739176	0.696858
	0.968781	0.878936	0.799085	0.73897	0.696349
	0.970182	0.87895	0.799066	0.738778	0.69588
	0.96845	0.878954	0.799059	0.738599	0.695448
	0.970534	0.878934	0.799044	0.738434	0.695047
	0.968105	0.878966	0.799042	0.73828	0.694678
	0.970839	0.878926	0.799033	0.73814	0.694333
	0.967881	0.87897	0.79903	0.738011	0.694013
	0.97093	0.878927	0.799028	0.737894	0.693712
	0.967961	0.878966	0.799022	0.737788	0.693433
	0.970638	0.878932	0.799025	0.737691	0.693166
	0.968458	0.878957	0.799019	0.737606	0.692922
	0.969953	0.878943	0.799021	0.737529	0.692681
	0.969252	0.878945	0.799019	0.737461	0.692467
	0.969156	0.878954	0.799018	0.737401	0.692246
	0.969947	0.878937	0.799019	0.737348	0.69206
	0.968693	0.878957	0.799018	0.737302	0.691855
	0.970086	0.878947	0.799017	0.737263	0.691696
	0.968875	0.878939	0.79902	0.737228	0.691499
	0.969631	0.878959	0.799017	0.7372	0.691371
	0.969455	0.878939	0.799019	0.737173	0.691176
	0.96923	0.878947	0.799018	0.737154	0.691083
	0.969652	0.878954	0.799018	0.737133	0.690881
	0.969413	0.878937	0.799016	0.737122	0.69083
	0.969415	0.878945	0.799017	0.737101	0.690609
	0.980485	0.980665	0.980663	0.980663	0.980663
	0.960429	0.960389	0.960415	0.960419	0.96042
	0.93718	0.938324	0.938409	0.938419	0.93842
	0.909845	0.912161	0.912321	0.912341	0.912343
	0.880531	0.882313	0.882574	0.882605	0.88261
	0.847149	0.850357	0.850676	0.850717	0.850723
	0.814798	0.817824	0.818106	0.818149	0.818155
	0.790723	0.785706	0.785833	0.785863	0.785868
	0.767265	0.754594	0.75431	0.754306	0.754307
	0.734513	0.724549	0.723669	0.7236	0.723592
	0.699007	0.695377	0.69389	0.693728	0.693707
	0.671965	0.666946	0.664938	0.664667	0.664627
	0.652934	0.638843	0.636816	0.636436	0.636374
	0.635511	0.611079	0.60956	0.609108	0.609021
	0.617956	0.584828	0.583263	0.582776	0.582668
	0.602803	0.561015	0.558059	0.557549	0.557422
	0.591741	0.539088	0.534107	0.533518	0.533374
	0.584195	0.518279	0.511611	0.510775	0.510602
	0.578927	0.498742	0.490667	0.489387	0.489166
	0.575214	0.480931	0.471153	0.469396	0.469097
	0.572776	0.465058	0.452973	0.450823	0.450413
	0.571365	0.451252	0.436233	0.433657	0.433118
	0.570669	0.439614	0.421035	0.41786	0.417197
	0.570393	0.430056	0.407325	0.403419	0.402624
	0.570358	0.42235	0.395024	0.390321	0.389354
	0.57045	0.416317	0.384131	0.378518	0.377335
	0.570601	0.411863	0.374626	0.367925	0.366506
	0.570767	0.408842	0.366427	0.358472	0.356794
	0.570922	0.406993	0.359416	0.350093	0.348114
	0.571059	0.406009	0.353505	0.342713	0.34038
	0.571173	0.405631	0.34861	0.336239	0.33351
	0.571265	0.405667	0.344661	0.330581	0.327421
	0.571334	0.405982	0.341565	0.325656	0.322028
	0.571384	0.406443	0.339217	0.321389	0.317251
	0.57142	0.406947	0.337492	0.317706	0.313015
	0.571446	0.40743	0.336282	0.314545	0.309254
	0.571467	0.407856	0.335475	0.31184	0.305906
	0.571484	0.408208	0.335003	0.309535	0.302916
	0.571497	0.408482	0.334763	0.307572	0.300236
	0.571506	0.408683	0.334704	0.305906	0.297823
	0.571512	0.408821	0.334736	0.304489	0.29564
	0.571515	0.408909	0.334838	0.303287	0.293654
	0.571516	0.408957	0.334947	0.302262	0.291838
	0.571517	0.40898	0.335068	0.30139	0.290169
	0.571517	0.408983	0.335151	0.30064	0.288627
	0.571518	0.408979	0.335221	0.299991	0.287196
	0.57152	0.408963	0.335233	0.299416	0.285864
	0.571522	0.408953	0.335233	0.298905	0.284619
	0.571524	0.408932	0.335186	0.29844	0.283452
	0.571525	0.408926	0.335133	0.298015	0.282355
	0.571523	0.408905	0.335047	0.297614	0.281321
	0.571521	0.408906	0.334964	0.297238	0.280343
	0.571519	0.408883	0.33486	0.296877	0.279417
	0.571518	0.408895	0.334768	0.296534	0.278539
	0.571519	0.408868	0.334665	0.296204	0.277706
	0.571522	0.40889	0.334578	0.295894	0.276915
	0.571525	0.408858	0.334485	0.295598	0.276163
	0.571527	0.408892	0.334411	0.295323	0.275448
	0.571526	0.40885	0.33433	0.295063	0.274768
	0.571524	0.408895	0.334272	0.294825	0.274124
	0.571521	0.408844	0.334205	0.294605	0.273515
	0.57152	0.408897	0.334161	0.294405	0.272941
	0.571518	0.408838	0.334106	0.294222	0.272401
	0.571522	0.408899	0.334075	0.294057	0.271895
	0.571521	0.408835	0.334031	0.293906	0.271422
	0.571528	0.4089	0.334011	0.293771	0.270984
	0.571522	0.408836	0.333976	0.293648	0.270577
	0.571532	0.408899	0.333965	0.293537	0.270203
	0.571516	0.408838	0.333937	0.293435	0.269859
	0.571538	0.408898	0.333932	0.293343	0.269544
	0.571504	0.408836	0.333909	0.293257	0.269256
	0.571551	0.408899	0.333909	0.293179	0.268994
	0.571485	0.40883	0.33389	0.293105	0.268756
	0.571577	0.408907	0.333894	0.293038	0.26854
	0.571452	0.40882	0.333877	0.292975	0.268344
	0.571621	0.40892	0.333884	0.292915	0.268165
	0.571398	0.408805	0.333871	0.292861	0.268002
	0.571691	0.408935	0.333875	0.292808	0.267854
	0.571315	0.408793	0.333872	0.292762	0.267718
	0.571795	0.408942	0.333866	0.292716	0.267593
	0.571193	0.408795	0.333875	0.292675	0.267478
	0.571941	0.408929	0.33386	0.292638	0.267372
	0.571021	0.408824	0.333875	0.292602	0.267274
	0.572134	0.408886	0.333861	0.292572	0.267181
	0.570801	0.40888	0.333869	0.292542	0.267095
	0.572352	0.408824	0.333869	0.292516	0.267014
	0.570592	0.408933	0.33386	0.292494	0.266938
	0.572494	0.408791	0.333873	0.292472	0.266866
	0.570573	0.40893	0.333861	0.292455	0.266798
	0.572316	0.408834	0.333867	0.292438	0.266732
	0.571014	0.40886	0.33387	0.292423	0.266672
	0.571604	0.408905	0.333861	0.292412	0.266612
	0.571916	0.408819	0.333871	0.2924	0.266558
	0.570723	0.408898	0.333867	0.292391	0.266502
	0.572416	0.408869	0.333864	0.292383	0.266454
	0.570874	0.408842	0.333871	0.292375	0.2664
	0.57173	0.408895	0.333866	0.29237	0.26636
	0.571835	0.408858	0.333866	0.292365	0.266305
	0.571329	0.408856	0.333867	0.292361	0.266277
	0.571578	0.40886	0.333865	0.292355	0.266211
